2.230000000000007451e+08 3.377486317314660224e-07
2.610000000000010133e+08 1.234470414507412962e-05
3.030000000000008345e+08 1.787606860371837158e-04
3.500000000000014305e+08 1.223432803205267046e-03
4.020000000000010133e+08 5.081565843482681831e-03
4.590000000000014305e+08 1.584219626197418823e-02
5.230000000000014901e+08 3.926178252216006720e-02
5.920000000000004768e+08 7.927732359013353602e-02
6.680000000000010729e+08 1.366101166005762590e-01
7.510000000000011921e+08 2.090270596336852305e-01
8.420000000000004768e+08 2.929289540016929427e-01
9.410000000000007153e+08 3.821941050066157142e-01
1.049000000000001311e+09 4.680192677743916230e-01
1.166000000000000477e+09 5.453591613656187942e-01
1.291999999999999762e+09 6.089599430288656912e-01
1.429000000000000238e+09 6.595872785325733734e-01
1.576000000000000477e+09 7.104242544944577853e-01
1.735000000000001192e+09 7.750067308319317227e-01
1.905000000000001192e+09 8.598722786342867241e-01
2.087000000000001431e+09 9.662885712197136767e-01
2.282000000000000000e+09 1.085716876733513692e+00
2.489000000000000954e+09 1.211055776913578130e+00
2.709000000000001431e+09 1.353309318926688931e+00
2.942000000000000000e+09 1.526780012165262601e+00
3.187000000000000954e+09 1.735088037903686820e+00
3.446000000000001431e+09 1.978267621974829860e+00
3.718000000000000000e+09 2.246482464607280072e+00
4.003000000000000000e+09 2.514512746016546618e+00
4.300000000000000954e+09 2.765587710418881073e+00
4.608000000000000954e+09 3.003093201406806578e+00
4.928000000000000954e+09 3.237437197702517810e+00
5.258000000000000954e+09 3.467288405400838158e+00
5.598000000000000954e+09 3.683797084088998641e+00
5.947000000000000954e+09 3.884004293290361787e+00
6.303000000000000954e+09 4.070309307690780365e+00
6.666000000000000000e+09 4.241492326435772675e+00
7.034000000000000954e+09 4.390260718346095103e+00
7.406000000000000954e+09 4.520731085018261375e+00
7.782000000000000954e+09 4.642386359992119793e+00
8.159000000000000954e+09 4.766615419283864341e+00
8.536000000000000954e+09 4.881440878962621355e+00
8.912000000000000000e+09 4.958111840467976705e+00
9.287000000000000000e+09 5.012691029066930426e+00
9.657000000000000000e+09 5.068903245056151974e+00
1.002400000000000000e+10 5.127747278267980491e+00
1.038500000000000191e+10 5.179589801567921370e+00
1.074100000000000000e+10 5.219303740149716653e+00
1.108800000000000191e+10 5.248168714174248350e+00
1.142900000000000000e+10 5.265259945774303674e+00
1.175900000000000000e+10 5.274805080256873779e+00
1.208000000000000000e+10 5.273228026801511703e+00
1.239100000000000000e+10 5.250455633965056990e+00
1.269100000000000000e+10 5.222230029556464537e+00
1.297800000000000191e+10 5.195687044738608762e+00
1.325500000000000000e+10 5.155114386176178343e+00
1.351800000000000000e+10 5.109265034835248187e+00
