1.580000000000012517e+08 7.400817947404288644e-08
1.870000000000011623e+08 7.971211710718144109e-07
2.230000000000007451e+08 5.171674509978761537e-06
2.610000000000010133e+08 2.594366394198933772e-05
3.030000000000008345e+08 1.049599061644802264e-04
3.500000000000014305e+08 3.526623185423962423e-04
4.020000000000010133e+08 1.000960209381401714e-03
4.590000000000014305e+08 2.444948647892654196e-03
5.230000000000014901e+08 5.230501406700924921e-03
5.920000000000004768e+08 9.961978827445743673e-03
6.680000000000010729e+08 1.712796680056044574e-02
7.510000000000011921e+08 2.687934137414538585e-02
8.420000000000004768e+08 3.884566864953560572e-02
9.410000000000007153e+08 5.211802281968827555e-02
1.049000000000001311e+09 6.546863674091173146e-02
1.166000000000000477e+09 7.772754991280457493e-02
1.291999999999999762e+09 8.815866385622506129e-02
1.429000000000000238e+09 9.669162545401116526e-02
1.576000000000000477e+09 1.038525590947335375e-01
1.735000000000001192e+09 1.103048397059711305e-01
1.905000000000001192e+09 1.162423022075400880e-01
2.087000000000001431e+09 1.211985865380270505e-01
2.282000000000000000e+09 1.245655186332457476e-01
2.489000000000000954e+09 1.263379103895521383e-01
2.709000000000001431e+09 1.272646414812886595e-01
2.942000000000000000e+09 1.282725661519373284e-01
3.187000000000000954e+09 1.298712116143315165e-01
3.446000000000001431e+09 1.321035359518054064e-01
3.718000000000000000e+09 1.347857343770973992e-01
4.003000000000000000e+09 1.376056799146534448e-01
4.300000000000000954e+09 1.401421540798774013e-01
4.608000000000000954e+09 1.419863467678046109e-01
4.928000000000000954e+09 1.428351306196285753e-01
5.258000000000000954e+09 1.424793370540465010e-01
5.598000000000000954e+09 1.408700043755969633e-01
5.947000000000000954e+09 1.382755203454508752e-01
6.303000000000000954e+09 1.352865110097868639e-01
6.666000000000000000e+09 1.325846927710468415e-01
7.034000000000000954e+09 1.306304195524918277e-01
7.406000000000000954e+09 1.294428112130426856e-01
7.782000000000000954e+09 1.285992859197940263e-01
8.159000000000000954e+09 1.275135798916840202e-01
8.536000000000000954e+09 1.258334714699100854e-01
8.912000000000000000e+09 1.237068682494740501e-01
9.287000000000000000e+09 1.218173170521084925e-01
9.657000000000000000e+09 1.211246290734717679e-01
1.002400000000000000e+10 1.222445445088772703e-01
1.038500000000000191e+10 1.249304139589849927e-01
1.074100000000000000e+10 1.282954313786155431e-01
1.108800000000000191e+10 1.313112691079738326e-01
1.142900000000000000e+10 1.326916810044013462e-01
1.175900000000000000e+10 1.305705012621080907e-01
1.208000000000000000e+10 1.230438296923494212e-01
1.239100000000000000e+10 1.094813808840782166e-01
1.269100000000000000e+10 9.168148897709529899e-02
1.297800000000000191e+10 7.422402217309286010e-02
1.325500000000000000e+10 6.322445857994420104e-02
1.351800000000000000e+10 0.000000000000000000e+00
