0.000000000000000000e+00 1.381634448074951536e-08
6.000000000000227243e+06 1.548959554284906829e-07
1.020000000000003129e+08 1.064515049638866123e-06
1.290000000000013411e+08 5.616873176910920046e-06
1.580000000000012517e+08 2.431558252019864943e-05
1.870000000000011623e+08 8.913235708163944407e-05
2.230000000000007451e+08 2.829384216771658350e-04
2.610000000000010133e+08 7.961586237924565346e-04
3.030000000000008345e+08 2.021508463704259437e-03
3.500000000000014305e+08 4.673862238494243433e-03
4.020000000000010133e+08 9.858356028980727950e-03
4.590000000000014305e+08 1.893821765640801499e-02
5.230000000000014901e+08 3.312831674542400517e-02
5.920000000000004768e+08 5.297779105575048386e-02
6.680000000000010729e+08 7.809185600360461776e-02
7.510000000000011921e+08 1.073049826954902558e-01
8.420000000000004768e+08 1.391641737780042187e-01
9.410000000000007153e+08 1.723670541434893511e-01
1.049000000000001311e+09 2.059197709148147815e-01
1.166000000000000477e+09 2.390053433689114104e-01
1.291999999999999762e+09 2.706933896556861785e-01
1.429000000000000238e+09 2.997857213825023681e-01
1.576000000000000477e+09 3.252030725020715329e-01
1.735000000000001192e+09 3.468087048780337800e-01
1.905000000000001192e+09 3.658084950899791465e-01
2.087000000000001431e+09 3.841205527723756119e-01
2.282000000000000000e+09 4.032292680881026659e-01
2.489000000000000954e+09 4.235515090118203707e-01
2.709000000000001431e+09 4.446681413156765572e-01
2.942000000000000000e+09 4.658333741306365239e-01
3.187000000000000954e+09 4.861293717963596217e-01
3.446000000000001431e+09 5.044936526068296567e-01
3.718000000000000000e+09 5.202345475277310172e-01
4.003000000000000000e+09 5.337264504687502242e-01
4.300000000000000954e+09 5.461970688621314851e-01
4.608000000000000954e+09 5.584732129025701264e-01
4.928000000000000954e+09 5.699619351148569324e-01
5.258000000000000954e+09 5.788679529029610027e-01
5.598000000000000954e+09 5.832354496045205616e-01
5.947000000000000954e+09 5.818320660702084313e-01
6.303000000000000954e+09 5.744576769268875394e-01
6.666000000000000000e+09 5.617142519125840616e-01
7.034000000000000954e+09 5.444630010249308372e-01
7.406000000000000954e+09 5.234841650071924146e-01
7.782000000000000954e+09 4.996118004347962493e-01
8.159000000000000954e+09 4.738664584171147220e-01
8.536000000000000954e+09 4.470981713177641925e-01
8.912000000000000000e+09 4.194794887072080258e-01
9.287000000000000000e+09 3.905710328720887192e-01
9.657000000000000000e+09 3.601484407469416893e-01
1.002400000000000000e+10 3.289843732201328530e-01
1.038500000000000191e+10 2.985025755937500413e-01
1.074100000000000000e+10 2.695935755225058461e-01
1.108800000000000191e+10 2.420690531069490392e-01
1.142900000000000000e+10 2.151510697248666948e-01
1.175900000000000000e+10 1.879498215603458977e-01
1.208000000000000000e+10 1.595687878472828447e-01
1.239100000000000000e+10 1.296895864855141522e-01
1.269100000000000000e+10 9.990571624263336337e-02
1.297800000000000191e+10 7.458264660238023147e-02
1.325500000000000000e+10 5.970182542431889255e-02
1.351800000000000000e+10 0.000000000000000000e+00
