2.610000000000010133e+08 1.696535776601492879e-08
3.030000000000008345e+08 6.474174082163505093e-07
3.500000000000014305e+08 9.922091968835544562e-06
4.020000000000010133e+08 7.385938449178702683e-05
4.590000000000014305e+08 3.249132960428947588e-04
5.230000000000014901e+08 1.023534162274401804e-03
5.920000000000004768e+08 2.725729719564592458e-03
6.680000000000010729e+08 6.700891751932372756e-03
7.510000000000011921e+08 1.486147639513641511e-02
8.420000000000004768e+08 2.834309060499948588e-02
9.410000000000007153e+08 4.659186598187026185e-02
1.049000000000001311e+09 6.783913547359365914e-02
1.166000000000000477e+09 8.905022990240582526e-02
1.291999999999999762e+09 1.063861188676084590e-01
1.429000000000000238e+09 1.169261774706936569e-01
1.576000000000000477e+09 1.217800109219308036e-01
1.735000000000001192e+09 1.244643313648555738e-01
1.905000000000001192e+09 1.267862936639468363e-01
2.087000000000001431e+09 1.295108060307658682e-01
2.282000000000000000e+09 1.328231710209592520e-01
2.489000000000000954e+09 1.368844593565309853e-01
2.709000000000001431e+09 1.422113619769294068e-01
2.942000000000000000e+09 1.485706579611390799e-01
3.187000000000000954e+09 1.561763153155373285e-01
3.446000000000001431e+09 1.654717998660457656e-01
3.718000000000000000e+09 1.768409676104530925e-01
4.003000000000000000e+09 1.898184502085044356e-01
4.300000000000000954e+09 2.044372442878512608e-01
4.608000000000000954e+09 2.207020420742984435e-01
4.928000000000000954e+09 2.369031625818809050e-01
5.258000000000000954e+09 2.534661869133979506e-01
5.598000000000000954e+09 2.718823710446863773e-01
5.947000000000000954e+09 2.909858666354704360e-01
6.303000000000000954e+09 3.095841044933974606e-01
6.666000000000000000e+09 3.291624442606142509e-01
7.034000000000000954e+09 3.503464532683497890e-01
7.406000000000000954e+09 3.713211395173280915e-01
7.782000000000000954e+09 3.906358519782489047e-01
8.159000000000000954e+09 4.081282089824799231e-01
8.536000000000000954e+09 4.259057565076360685e-01
8.912000000000000000e+09 4.446010302508153211e-01
9.287000000000000000e+09 4.622194473444973806e-01
9.657000000000000000e+09 4.782287873947689283e-01
1.002400000000000000e+10 4.940811876166300021e-01
1.038500000000000191e+10 5.106403945519992771e-01
1.074100000000000000e+10 5.273694984545254094e-01
1.108800000000000191e+10 5.442325413870761075e-01
1.142900000000000000e+10 5.639755911285657675e-01
1.175900000000000000e+10 5.897086632632222436e-01
1.208000000000000000e+10 6.235216015486533259e-01
1.239100000000000000e+10 6.644628416636877422e-01
1.269100000000000000e+10 7.041180083628248987e-01
1.297800000000000191e+10 7.304545959216723894e-01
1.325500000000000000e+10 7.436441253166830023e-01
1.351800000000000000e+10 7.503529731269021896e-01
