1.580000000000012517e+08 1.898962577608044384e-07
1.870000000000011623e+08 7.948025164907957679e-06
2.230000000000007451e+08 1.393780502761618207e-04
2.610000000000010133e+08 1.291352783551648429e-03
3.030000000000008345e+08 7.417163782179266723e-03
3.500000000000014305e+08 2.890560639318938765e-02
4.020000000000010133e+08 8.209473596335953305e-02
4.590000000000014305e+08 1.849100467543145498e-01
5.230000000000014901e+08 3.485733993570958034e-01
5.920000000000004768e+08 5.707867517985760752e-01
6.680000000000010729e+08 8.381394536889146263e-01
7.510000000000011921e+08 1.130611325042362614e+00
8.420000000000004768e+08 1.438355055965035323e+00
9.410000000000007153e+08 1.745922808114225511e+00
1.049000000000001311e+09 2.041780074625385133e+00
1.166000000000000477e+09 2.352571053949683577e+00
1.291999999999999762e+09 2.742587639385305032e+00
1.429000000000000238e+09 3.280180820121468166e+00
1.576000000000000477e+09 3.976669737238508251e+00
1.735000000000001192e+09 4.777485113536229733e+00
1.905000000000001192e+09 5.630420311252107624e+00
2.087000000000001431e+09 6.513182741191140934e+00
2.282000000000000000e+09 7.446569675581383940e+00
2.489000000000000954e+09 8.520419984118220214e+00
2.709000000000001431e+09 9.744142461214920559e+00
2.942000000000000000e+09 1.097001783893985305e+01
3.187000000000000954e+09 1.206502502412062050e+01
3.446000000000001431e+09 1.297956333043800825e+01
3.718000000000000000e+09 1.382618052868062186e+01
4.003000000000000000e+09 1.461730951802072553e+01
4.300000000000000954e+09 1.530251450581301675e+01
4.608000000000000954e+09 1.580720034673414531e+01
4.928000000000000954e+09 1.612198084630269079e+01
5.258000000000000954e+09 1.633042199664835437e+01
5.598000000000000954e+09 1.649676466445585277e+01
5.947000000000000954e+09 1.648597517088499842e+01
6.303000000000000954e+09 1.618302898366626152e+01
6.666000000000000000e+09 1.583447685813618477e+01
7.034000000000000954e+09 1.555536071364918271e+01
7.406000000000000954e+09 1.526450017486093458e+01
7.782000000000000954e+09 1.495319777632616010e+01
8.159000000000000954e+09 1.469624920589022565e+01
8.536000000000000954e+09 1.443195674150668850e+01
8.912000000000000000e+09 1.403028122344908546e+01
9.287000000000000000e+09 1.371401003372661087e+01
9.657000000000000000e+09 1.348861473983598458e+01
1.002400000000000000e+10 1.305449529598827851e+01
1.038500000000000191e+10 1.252071458817001393e+01
1.074100000000000000e+10 1.208303529616001626e+01
1.108800000000000191e+10 1.172092416731038611e+01
1.142900000000000000e+10 1.135243749974818783e+01
1.175900000000000000e+10 1.087619119245632682e+01
1.208000000000000000e+10 1.025522944315604512e+01
1.239100000000000000e+10 9.715598172429244173e+00
1.269100000000000000e+10 9.284527661323503267e+00
1.297800000000000191e+10 8.811115563580464993e+00
1.325500000000000000e+10 8.283551675750215892e+00
1.351800000000000000e+10 7.826433325618083359e+00
