0.000000 0.000000
100000000.000000 0.000000
200000000.000000 0.000000
300000000.000000 0.000000
400000000.000000 0.000000
500000000.000000 0.000000
600000000.000000 0.000000
700000000.000000 0.000000
800000000.000000 0.000000
900000000.000000 0.000000
1000000000.000000 0.000000
1100000000.000000 0.000000
1200000000.000000 0.000000
1300000000.000000 0.000000
1400000000.000000 0.000000
1500000000.000000 0.000000
1600000000.000000 0.000000
1700000000.000000 0.000000
1800000000.000000 0.000000
1900000000.000000 0.000000
2000000000.000000 0.000000
2100000000.000000 0.000000
2200000000.000000 0.000000
2300000000.000000 0.000000
2400000000.000000 0.000000
2500000000.000000 0.000000
2600000000.000000 0.000000
2700000000.000000 0.000000
2800000000.000000 0.000000
2900000000.000000 0.000000
3000000000.000000 0.000000
3001000000.000000 100.000000
3002000000.000000 100.000000
3003000000.000000 100.000000
3004000000.000000 100.000000
3005000000.000000 100.000000
3006000000.000000 100.000000
3007000000.000000 100.000000
3008000000.000000 100.000000
3009000000.000000 100.000000
3010000000.000000 100.000000
3011000000.000000 100.000000
3012000000.000000 100.000000
3013000000.000000 100.000000
3014000000.000000 100.000000
3015000000.000000 100.000000
3016000000.000000 100.000000
3017000000.000000 100.000000
3018000000.000000 100.000000
3019000000.000000 100.000000
3020000000.000000 100.000000
3021000000.000000 100.000000
3022000000.000000 100.000000
3023000000.000000 100.000000
3024000000.000000 100.000000
3025000000.000000 100.000000
3026000000.000000 100.000000
3027000000.000000 100.000000
3028000000.000000 100.000000
3029000000.000000 100.000000
3030000000.000000 100.000000
3031000000.000000 100.000000
3032000000.000000 100.000000
3033000000.000000 100.000000
3034000000.000000 100.000000
3035000000.000000 100.000000
3036000000.000000 100.000000
3037000000.000000 100.000000
3038000000.000000 100.000000
3039000000.000000 100.000000
3040000000.000000 100.000000
3041000000.000000 100.000000
3042000000.000000 100.000000
3043000000.000000 100.000000
3044000000.000000 100.000000
3045000000.000000 100.000000
3046000000.000000 100.000000
3047000000.000000 100.000000
3048000000.000000 100.000000
3049000000.000000 100.000000
3050000000.000000 100.000000
3051000000.000000 100.000000
3052000000.000000 100.000000
3053000000.000000 100.000000
3054000000.000000 100.000000
3055000000.000000 100.000000
3056000000.000000 100.000000
3057000000.000000 100.000000
3058000000.000000 100.000000
3059000000.000000 100.000000
3060000000.000000 100.000000
3061000000.000000 100.000000
3062000000.000000 100.000000
3063000000.000000 100.000000
3064000000.000000 100.000000
3065000000.000000 100.000000
3066000000.000000 100.000000
3067000000.000000 100.000000
3068000000.000000 100.000000
3069000000.000000 100.000000
3070000000.000000 100.000000
3071000000.000000 100.000000
3072000000.000000 100.000000
3073000000.000000 100.000000
3074000000.000000 100.000000
3075000000.000000 100.000000
3076000000.000000 100.000000
3077000000.000000 100.000000
3078000000.000000 100.000000
3079000000.000000 100.000000
3080000000.000000 100.000000
3081000000.000000 100.000000
3082000000.000000 100.000000
3083000000.000000 100.000000
3084000000.000000 100.000000
3085000000.000000 100.000000
3086000000.000000 100.000000
3087000000.000000 100.000000
3088000000.000000 100.000000
3089000000.000000 100.000000
3090000000.000000 100.000000
3091000000.000000 100.000000
3092000000.000000 100.000000
3093000000.000000 100.000000
3094000000.000000 100.000000
3095000000.000000 100.000000
3096000000.000000 100.000000
3097000000.000000 100.000000
3098000000.000000 100.000000
3099000000.000000 100.000000
3100000000.000000 100.000000
3101000000.000000 100.000000
3102000000.000000 100.000000
3103000000.000000 100.000000
3104000000.000000 100.000000
3105000000.000000 100.000000
3106000000.000000 100.000000
3107000000.000000 100.000000
3108000000.000000 100.000000
3109000000.000000 100.000000
3110000000.000000 100.000000
3111000000.000000 100.000000
3112000000.000000 100.000000
3113000000.000000 100.000000
3114000000.000000 100.000000
3115000000.000000 100.000000
3116000000.000000 100.000000
3117000000.000000 100.000000
3118000000.000000 100.000000
3119000000.000000 100.000000
3120000000.000000 100.000000
3121000000.000000 100.000000
3122000000.000000 100.000000
3123000000.000000 100.000000
3124000000.000000 100.000000
3125000000.000000 100.000000
3126000000.000000 100.000000
3127000000.000000 100.000000
3128000000.000000 100.000000
3129000000.000000 100.000000
3130000000.000000 100.000000
3131000000.000000 100.000000
3132000000.000000 100.000000
3133000000.000000 100.000000
3134000000.000000 100.000000
3135000000.000000 100.000000
3136000000.000000 100.000000
3137000000.000000 100.000000
3138000000.000000 100.000000
3139000000.000000 100.000000
3140000000.000000 100.000000
3141000000.000000 100.000000
3142000000.000000 100.000000
3143000000.000000 100.000000
3144000000.000000 100.000000
3145000000.000000 100.000000
3146000000.000000 100.000000
3147000000.000000 100.000000
3148000000.000000 100.000000
3149000000.000000 100.000000
3150000000.000000 100.000000
3151000000.000000 100.000000
3152000000.000000 100.000000
3153000000.000000 100.000000
3154000000.000000 100.000000
3155000000.000000 100.000000
3156000000.000000 100.000000
3157000000.000000 100.000000
3158000000.000000 100.000000
3159000000.000000 100.000000
3160000000.000000 100.000000
3161000000.000000 100.000000
3162000000.000000 100.000000
3163000000.000000 100.000000
3164000000.000000 100.000000
3165000000.000000 100.000000
3166000000.000000 100.000000
3167000000.000000 100.000000
3168000000.000000 100.000000
3169000000.000000 100.000000
3170000000.000000 100.000000
3171000000.000000 100.000000
3172000000.000000 100.000000
3173000000.000000 100.000000
3174000000.000000 100.000000
3175000000.000000 100.000000
3176000000.000000 100.000000
3177000000.000000 100.000000
3178000000.000000 100.000000
3179000000.000000 100.000000
3180000000.000000 100.000000
3181000000.000000 100.000000
3182000000.000000 100.000000
3183000000.000000 100.000000
3184000000.000000 100.000000
3185000000.000000 100.000000
3186000000.000000 100.000000
3187000000.000000 100.000000
3188000000.000000 100.000000
3189000000.000000 100.000000
3190000000.000000 100.000000
3191000000.000000 100.000000
3192000000.000000 100.000000
3193000000.000000 100.000000
3194000000.000000 100.000000
3195000000.000000 100.000000
3196000000.000000 100.000000
3197000000.000000 100.000000
3198000000.000000 100.000000
3199000000.000000 100.000000
3200000000.000000 100.000000
3201000000.000000 100.000000
3202000000.000000 100.000000
3203000000.000000 100.000000
3204000000.000000 100.000000
3205000000.000000 100.000000
3206000000.000000 100.000000
3207000000.000000 100.000000
3208000000.000000 100.000000
3209000000.000000 100.000000
3210000000.000000 100.000000
3211000000.000000 100.000000
3212000000.000000 100.000000
3213000000.000000 100.000000
3214000000.000000 100.000000
3215000000.000000 100.000000
3216000000.000000 100.000000
3217000000.000000 100.000000
3218000000.000000 100.000000
3219000000.000000 100.000000
3220000000.000000 100.000000
3221000000.000000 100.000000
3222000000.000000 100.000000
3223000000.000000 100.000000
3224000000.000000 100.000000
3225000000.000000 100.000000
3226000000.000000 100.000000
3227000000.000000 100.000000
3228000000.000000 100.000000
3229000000.000000 100.000000
3230000000.000000 100.000000
3231000000.000000 100.000000
3232000000.000000 100.000000
3233000000.000000 100.000000
3234000000.000000 100.000000
3235000000.000000 100.000000
3236000000.000000 100.000000
3237000000.000000 100.000000
3238000000.000000 100.000000
3239000000.000000 100.000000
3240000000.000000 100.000000
3241000000.000000 100.000000
3242000000.000000 100.000000
3243000000.000000 100.000000
3244000000.000000 100.000000
3245000000.000000 100.000000
3246000000.000000 100.000000
3247000000.000000 100.000000
3248000000.000000 100.000000
3249000000.000000 100.000000
3250000000.000000 100.000000
3251000000.000000 100.000000
3252000000.000000 100.000000
3253000000.000000 100.000000
3254000000.000000 100.000000
3255000000.000000 100.000000
3256000000.000000 100.000000
3257000000.000000 100.000000
3258000000.000000 100.000000
3259000000.000000 100.000000
3260000000.000000 100.000000
3261000000.000000 100.000000
3262000000.000000 100.000000
3263000000.000000 100.000000
3264000000.000000 100.000000
3265000000.000000 100.000000
3266000000.000000 100.000000
3267000000.000000 100.000000
3268000000.000000 100.000000
3269000000.000000 100.000000
3270000000.000000 100.000000
3271000000.000000 100.000000
3272000000.000000 100.000000
3273000000.000000 100.000000
3274000000.000000 100.000000
3275000000.000000 100.000000
3276000000.000000 100.000000
3277000000.000000 100.000000
3278000000.000000 100.000000
3279000000.000000 100.000000
3280000000.000000 100.000000
3281000000.000000 100.000000
3282000000.000000 100.000000
3283000000.000000 100.000000
3284000000.000000 100.000000
3285000000.000000 100.000000
3286000000.000000 100.000000
3287000000.000000 100.000000
3288000000.000000 100.000000
3289000000.000000 100.000000
3290000000.000000 100.000000
3291000000.000000 100.000000
3292000000.000000 100.000000
3293000000.000000 100.000000
3294000000.000000 100.000000
3295000000.000000 100.000000
3296000000.000000 100.000000
3297000000.000000 100.000000
3298000000.000000 100.000000
3299000000.000000 100.000000
3300000000.000000 100.000000
3301000000.000000 100.000000
3302000000.000000 100.000000
3303000000.000000 100.000000
3304000000.000000 100.000000
3305000000.000000 100.000000
3306000000.000000 100.000000
3307000000.000000 100.000000
3308000000.000000 100.000000
3309000000.000000 100.000000
3310000000.000000 100.000000
3311000000.000000 100.000000
3312000000.000000 100.000000
3313000000.000000 100.000000
3314000000.000000 100.000000
3315000000.000000 100.000000
3316000000.000000 100.000000
3317000000.000000 100.000000
3318000000.000000 100.000000
3319000000.000000 100.000000
3320000000.000000 100.000000
3321000000.000000 100.000000
3322000000.000000 100.000000
3323000000.000000 100.000000
3324000000.000000 100.000000
3325000000.000000 100.000000
3326000000.000000 100.000000
3327000000.000000 100.000000
3328000000.000000 100.000000
3329000000.000000 100.000000
3330000000.000000 100.000000
3331000000.000000 100.000000
3332000000.000000 100.000000
3333000000.000000 100.000000
3334000000.000000 100.000000
3335000000.000000 100.000000
3336000000.000000 100.000000
3337000000.000000 100.000000
3338000000.000000 100.000000
3339000000.000000 100.000000
3340000000.000000 100.000000
3341000000.000000 100.000000
3342000000.000000 100.000000
3343000000.000000 100.000000
3344000000.000000 100.000000
3345000000.000000 100.000000
3346000000.000000 100.000000
3347000000.000000 100.000000
3348000000.000000 100.000000
3349000000.000000 100.000000
3350000000.000000 100.000000
3351000000.000000 100.000000
3352000000.000000 100.000000
3353000000.000000 100.000000
3354000000.000000 100.000000
3355000000.000000 100.000000
3356000000.000000 100.000000
3357000000.000000 100.000000
3358000000.000000 100.000000
3359000000.000000 100.000000
3360000000.000000 100.000000
3361000000.000000 100.000000
3362000000.000000 100.000000
3363000000.000000 100.000000
3364000000.000000 100.000000
3365000000.000000 100.000000
3366000000.000000 100.000000
3367000000.000000 100.000000
3368000000.000000 100.000000
3369000000.000000 100.000000
3370000000.000000 100.000000
3371000000.000000 100.000000
3372000000.000000 100.000000
3373000000.000000 100.000000
3374000000.000000 100.000000
3375000000.000000 100.000000
3376000000.000000 100.000000
3377000000.000000 100.000000
3378000000.000000 100.000000
3379000000.000000 100.000000
3380000000.000000 100.000000
3381000000.000000 100.000000
3382000000.000000 100.000000
3383000000.000000 100.000000
3384000000.000000 100.000000
3385000000.000000 100.000000
3386000000.000000 100.000000
3387000000.000000 100.000000
3388000000.000000 100.000000
3389000000.000000 100.000000
3390000000.000000 100.000000
3391000000.000000 100.000000
3392000000.000000 100.000000
3393000000.000000 100.000000
3394000000.000000 100.000000
3395000000.000000 100.000000
3396000000.000000 100.000000
3397000000.000000 100.000000
3398000000.000000 100.000000
3399000000.000000 100.000000
3400000000.000000 100.000000
3401000000.000000 100.000000
3402000000.000000 100.000000
3403000000.000000 100.000000
3404000000.000000 100.000000
3405000000.000000 100.000000
3406000000.000000 100.000000
3407000000.000000 100.000000
3408000000.000000 100.000000
3409000000.000000 100.000000
3410000000.000000 100.000000
3411000000.000000 100.000000
3412000000.000000 100.000000
3413000000.000000 100.000000
3414000000.000000 100.000000
3415000000.000000 100.000000
3416000000.000000 100.000000
3417000000.000000 100.000000
3418000000.000000 100.000000
3419000000.000000 100.000000
3420000000.000000 100.000000
3421000000.000000 100.000000
3422000000.000000 100.000000
3423000000.000000 100.000000
3424000000.000000 100.000000
3425000000.000000 100.000000
3426000000.000000 100.000000
3427000000.000000 100.000000
3428000000.000000 100.000000
3429000000.000000 100.000000
3430000000.000000 100.000000
3431000000.000000 100.000000
3432000000.000000 100.000000
3433000000.000000 100.000000
3434000000.000000 100.000000
3435000000.000000 100.000000
3436000000.000000 100.000000
3437000000.000000 100.000000
3438000000.000000 100.000000
3439000000.000000 100.000000
3440000000.000000 100.000000
3441000000.000000 100.000000
3442000000.000000 100.000000
3443000000.000000 100.000000
3444000000.000000 100.000000
3445000000.000000 100.000000
3446000000.000000 100.000000
3447000000.000000 100.000000
3448000000.000000 100.000000
3449000000.000000 100.000000
3450000000.000000 100.000000
3451000000.000000 100.000000
3452000000.000000 100.000000
3453000000.000000 100.000000
3454000000.000000 100.000000
3455000000.000000 100.000000
3456000000.000000 100.000000
3457000000.000000 100.000000
3458000000.000000 100.000000
3459000000.000000 100.000000
3460000000.000000 100.000000
3461000000.000000 100.000000
3462000000.000000 100.000000
3463000000.000000 100.000000
3464000000.000000 100.000000
3465000000.000000 100.000000
3466000000.000000 100.000000
3467000000.000000 100.000000
3468000000.000000 100.000000
3469000000.000000 100.000000
3470000000.000000 100.000000
3471000000.000000 100.000000
3472000000.000000 100.000000
3473000000.000000 100.000000
3474000000.000000 100.000000
3475000000.000000 100.000000
3476000000.000000 100.000000
3477000000.000000 100.000000
3478000000.000000 100.000000
3479000000.000000 100.000000
3480000000.000000 100.000000
3481000000.000000 100.000000
3482000000.000000 100.000000
3483000000.000000 100.000000
3484000000.000000 100.000000
3485000000.000000 100.000000
3486000000.000000 100.000000
3487000000.000000 100.000000
3488000000.000000 100.000000
3489000000.000000 100.000000
3490000000.000000 100.000000
3491000000.000000 100.000000
3492000000.000000 100.000000
3493000000.000000 100.000000
3494000000.000000 100.000000
3495000000.000000 100.000000
3496000000.000000 100.000000
3497000000.000000 100.000000
3498000000.000000 100.000000
3499000000.000000 100.000000
3500000000.000000 100.000000
3600000000.000000 0.000000
3700000000.000000 0.000000
3800000000.000000 0.000000
3900000000.000000 0.000000
4000000000.000000 0.000000
4100000000.000000 0.000000
4200000000.000000 0.000000
4300000000.000000 0.000000
4400000000.000000 0.000000
4500000000.000000 0.000000
4600000000.000000 0.000000
4700000000.000000 0.000000
4800000000.000000 0.000000
4900000000.000000 0.000000
5000000000.000000 0.000000
5100000000.000000 0.000000
5200000000.000000 0.000000
5300000000.000000 0.000000
5400000000.000000 0.000000
5500000000.000000 0.000000
5600000000.000000 0.000000
5700000000.000000 0.000000
5800000000.000000 0.000000
5900000000.000000 0.000000
6000000000.000000 0.000000
6100000000.000000 0.000000
6200000000.000000 0.000000
6300000000.000000 0.000000
6400000000.000000 0.000000
6500000000.000000 0.000000
6600000000.000000 0.000000
6700000000.000000 0.000000
6800000000.000000 0.000000
6900000000.000000 0.000000
7000000000.000000 0.000000
7100000000.000000 0.000000
7200000000.000000 0.000000
7300000000.000000 0.000000
7400000000.000000 0.000000
7500000000.000000 0.000000
7600000000.000000 0.000000
7700000000.000000 0.000000
7800000000.000000 0.000000
7900000000.000000 0.000000
8000000000.000000 0.000000
8100000000.000000 0.000000
8200000000.000000 0.000000
8300000000.000000 0.000000
8400000000.000000 0.000000
8500000000.000000 0.000000
8600000000.000000 0.000000
8700000000.000000 0.000000
8800000000.000000 0.000000
8900000000.000000 0.000000
9000000000.000000 0.000000
9100000000.000000 0.000000
9200000000.000000 0.000000
9300000000.000000 0.000000
9400000000.000000 0.000000
9500000000.000000 0.000000
9600000000.000000 0.000000
9700000000.000000 0.000000
9800000000.000000 0.000000
9900000000.000000 0.000000
10000000000.000000 0.000000
10100000000.000000 0.000000
10200000000.000000 0.000000
10300000000.000000 0.000000
10400000000.000000 0.000000
10500000000.000000 0.000000
10600000000.000000 0.000000
10700000000.000000 0.000000
10800000000.000000 0.000000
10900000000.000000 0.000000
11000000000.000000 0.000000
11100000000.000000 0.000000
11200000000.000000 0.000000
11300000000.000000 0.000000
11400000000.000000 0.000000
11500000000.000000 0.000000
11600000000.000000 0.000000
11700000000.000000 0.000000
11800000000.000000 0.000000
11900000000.000000 0.000000
12000000000.000000 0.000000
12100000000.000000 0.000000
12200000000.000000 0.000000
12300000000.000000 0.000000
12400000000.000000 0.000000
12500000000.000000 0.000000
12600000000.000000 0.000000
12700000000.000000 0.000000
12800000000.000000 0.000000
12900000000.000000 0.000000
