0.000000 300.000000
130000000.000000 300.000000
260000000.000000 300.000000
390000000.000000 300.000000
520000000.000000 300.000000
650000000.000000 300.000000
780000000.000000 300.000000
910000000.000000 300.000000
1040000000.000000 300.000000
1170000000.000000 300.000000
1300000000.000000 300.000000
1430000000.000000 300.000000
1560000000.000000 300.000000
1690000000.000000 300.000000
1820000000.000000 300.000000
1950000000.000000 300.000000
2080000000.000000 300.000000
2210000000.000000 300.000000
2340000000.000000 300.000000
2470000000.000000 300.000000
2600000000.000000 300.000000
2730000000.000000 300.000000
2860000000.000000 300.000000
2990000000.000000 300.000000
3120000000.000000 300.000000
3250000000.000000 300.000000
3380000000.000000 300.000000
3510000000.000000 300.000000
3640000000.000000 300.000000
3770000000.000000 300.000000
3900000000.000000 300.000000
4030000000.000000 300.000000
4160000000.000000 300.000000
4290000000.000000 300.000000
4420000000.000000 300.000000
4550000000.000000 300.000000
4680000000.000000 300.000000
4810000000.000000 300.000000
4940000000.000000 300.000000
5070000000.000000 300.000000
5200000000.000000 300.000000
5330000000.000000 300.000000
5460000000.000000 300.000000
5590000000.000000 300.000000
5720000000.000000 300.000000
5850000000.000000 300.000000
5980000000.000000 300.000000
6110000000.000000 300.000000
6240000000.000000 300.000000
6370000000.000000 300.000000
6500000000.000000 300.000000
6630000000.000000 300.000000
6760000000.000000 300.000000
6890000000.000000 300.000000
7020000000.000000 300.000000
7150000000.000000 300.000000
7280000000.000000 300.000000
7410000000.000000 300.000000
7540000000.000000 300.000000
7670000000.000000 300.000000
7800000000.000000 300.000000
7930000000.000000 300.000000
8060000000.000000 300.000000
8190000000.000000 300.000000
8320000000.000000 300.000000
8450000000.000000 300.000000
8580000000.000000 300.000000
8710000000.000000 300.000000
8840000000.000000 300.000000
8970000000.000000 300.000000
9100000000.000000 300.000000
9230000000.000000 300.000000
9360000000.000000 300.000000
9490000000.000000 300.000000
9620000000.000000 300.000000
9750000000.000000 300.000000
9880000000.000000 300.000000
10010000000.000000 300.000000
10140000000.000000 300.000000
10270000000.000000 300.000000
10400000000.000000 300.000000
10530000000.000000 300.000000
10660000000.000000 300.000000
10790000000.000000 300.000000
10920000000.000000 300.000000
11050000000.000000 300.000000
11180000000.000000 300.000000
11310000000.000000 300.000000
11440000000.000000 300.000000
11570000000.000000 300.000000
11700000000.000000 300.000000
11830000000.000000 300.000000
11960000000.000000 300.000000
12090000000.000000 300.000000
12220000000.000000 300.000000
12350000000.000000 300.000000
12480000000.000000 300.000000
12610000000.000000 300.000000
12740000000.000000 300.000000
12870000000.000000 300.000000
