3.500000000000014305e+08 8.465378201595743719e-09
4.020000000000010133e+08 3.240941041396404722e-07
4.590000000000014305e+08 5.067041657341655568e-06
5.230000000000014901e+08 4.050509488282259287e-05
5.920000000000004768e+08 2.154929233119619780e-04
6.680000000000010729e+08 9.110981104654314496e-04
7.510000000000011921e+08 3.037164156282855330e-03
8.420000000000004768e+08 7.672743514298652374e-03
9.410000000000007153e+08 1.554473193494872001e-02
1.049000000000001311e+09 2.737463086717495039e-02
1.166000000000000477e+09 4.264881241131770334e-02
1.291999999999999762e+09 5.854091174132492609e-02
1.429000000000000238e+09 7.247191321325857638e-02
1.576000000000000477e+09 8.297954611707956951e-02
1.735000000000001192e+09 8.925548167533491062e-02
1.905000000000001192e+09 9.208971130018485385e-02
2.087000000000001431e+09 9.266595858885837145e-02
2.282000000000000000e+09 9.178105781443234024e-02
2.489000000000000954e+09 9.053341590791402771e-02
2.709000000000001431e+09 8.953573009905368973e-02
2.942000000000000000e+09 8.894107325660874364e-02
3.187000000000000954e+09 8.903026712614424409e-02
3.446000000000001431e+09 9.027199129200955130e-02
3.718000000000000000e+09 9.259828140780053396e-02
4.003000000000000000e+09 9.546122841802884285e-02
4.300000000000000954e+09 9.876185523072861239e-02
4.608000000000000954e+09 1.035012369011458350e-01
4.928000000000000954e+09 1.089784832648042212e-01
5.258000000000000954e+09 1.139921643981971072e-01
5.598000000000000954e+09 1.187224479477227285e-01
5.947000000000000954e+09 1.243237796898387371e-01
6.303000000000000954e+09 1.306291885969542432e-01
6.666000000000000000e+09 1.370541343616010488e-01
7.034000000000000954e+09 1.438072128268361172e-01
7.406000000000000954e+09 1.500462759863227802e-01
7.782000000000000954e+09 1.545899623662634059e-01
8.159000000000000954e+09 1.586808757206514264e-01
8.536000000000000954e+09 1.633743579017631620e-01
8.912000000000000000e+09 1.685003266052837456e-01
9.287000000000000000e+09 1.735559863763372068e-01
9.657000000000000000e+09 1.784205465838597793e-01
1.002400000000000000e+10 1.831835108938357770e-01
1.038500000000000191e+10 1.886557834378681797e-01
1.074100000000000000e+10 1.958853627952306387e-01
1.108800000000000191e+10 2.059270790685800434e-01
1.142900000000000000e+10 2.197285426946054554e-01
1.175900000000000000e+10 2.362022108515353935e-01
1.208000000000000000e+10 2.536839751519260333e-01
1.239100000000000000e+10 2.704180663506935978e-01
1.269100000000000000e+10 2.848124151003939564e-01
1.297800000000000191e+10 2.962253703235308566e-01
1.325500000000000000e+10 3.048426811857397611e-01
1.351800000000000000e+10 3.101853874971600145e-01
