3.500000000000014305e+08 6.405392269503004994e-09
4.020000000000010133e+08 2.452282484976552329e-07
4.590000000000014305e+08 3.834015290075029580e-06
5.230000000000014901e+08 3.064848556784035958e-05
5.920000000000004768e+08 1.630543458595685926e-04
6.680000000000010729e+08 6.893892575802439138e-04
7.510000000000011921e+08 2.298093167792391277e-03
8.420000000000004768e+08 5.805639254617541919e-03
9.410000000000007153e+08 1.176203867050474097e-02
1.049000000000001311e+09 2.071322092898906370e-02
1.166000000000000477e+09 3.227054560556345819e-02
1.291999999999999762e+09 4.429542243568707766e-02
1.429000000000000238e+09 5.483641977918886357e-02
1.576000000000000477e+09 6.278709947359675803e-02
1.735000000000001192e+09 6.753583345233027391e-02
1.905000000000001192e+09 6.968037467620472047e-02
2.087000000000001431e+09 7.011639653373917536e-02
2.282000000000000000e+09 6.944682968807630585e-02
2.489000000000000954e+09 6.850279202870582229e-02
2.709000000000001431e+09 6.774788553601512886e-02
2.942000000000000000e+09 6.729793395075861495e-02
3.187000000000000954e+09 6.736542316492061255e-02
3.446000000000001431e+09 6.830498312118923887e-02
3.718000000000000000e+09 7.006518808421144384e-02
4.003000000000000000e+09 7.223145853434399799e-02
4.300000000000000954e+09 7.472890270837938276e-02
4.608000000000000954e+09 7.831499159785064446e-02
4.928000000000000954e+09 8.245939137308189171e-02
5.258000000000000954e+09 8.625303102021947277e-02
5.598000000000000954e+09 8.983223574789214738e-02
5.947000000000000954e+09 9.407052566069348809e-02
6.303000000000000954e+09 9.884156087115575362e-02
6.666000000000000000e+09 1.037030445465203232e-01
7.034000000000000954e+09 1.088128123048480167e-01
7.406000000000000954e+09 1.135336465049294197e-01
7.782000000000000954e+09 1.169716610767570081e-01
8.159000000000000954e+09 1.200670815235911626e-01
8.536000000000000954e+09 1.236184402182654574e-01
8.912000000000000000e+09 1.274970431023109418e-01
9.287000000000000000e+09 1.313224462022739014e-01
9.657000000000000000e+09 1.350032523760516245e-01
1.002400000000000000e+10 1.386071852476258859e-01
1.038500000000000191e+10 1.427478215447202381e-01
1.074100000000000000e+10 1.482181372972614097e-01
1.108800000000000191e+10 1.558162776588734033e-01
1.142900000000000000e+10 1.662592592141813042e-01
1.175900000000000000e+10 1.787241844838953209e-01
1.208000000000000000e+10 1.919518933044991882e-01
1.239100000000000000e+10 2.046138696331573359e-01
1.269100000000000000e+10 2.155054621893505995e-01
1.297800000000000191e+10 2.241411608453993676e-01
1.325500000000000000e+10 2.306615141085640031e-01
1.351800000000000000e+10 2.347041131384507984e-01
