0.000000000000000000e+00 1.114847466860458062e-08
6.000000000000227243e+06 2.488557019936764683e-07
1.020000000000003129e+08 2.017403177504032814e-06
1.290000000000013411e+08 1.211812926424676900e-05
1.580000000000012517e+08 5.769507469348578068e-05
1.870000000000011623e+08 2.277964934263150510e-04
2.230000000000007451e+08 7.629988763125023551e-04
2.610000000000010133e+08 2.209581682555728475e-03
3.030000000000008345e+08 5.617507054290702892e-03
3.500000000000014305e+08 1.269167357160214983e-02
4.020000000000010133e+08 2.572466685657101917e-02
4.590000000000014305e+08 4.715486229490396114e-02
5.230000000000014901e+08 7.879812314079243096e-02
5.920000000000004768e+08 1.211308450126825781e-01
6.680000000000010729e+08 1.731010935163663500e-01
7.510000000000011921e+08 2.325826924342148661e-01
8.420000000000004768e+08 2.971150363427161878e-01
9.410000000000007153e+08 3.645405730619496465e-01
1.049000000000001311e+09 4.335188558544045279e-01
1.166000000000000477e+09 5.039853636023637895e-01
1.291999999999999762e+09 5.772973617758397902e-01
1.429000000000000238e+09 6.556555697202599564e-01
1.576000000000000477e+09 7.408895923777247816e-01
1.735000000000001192e+09 8.334104711955161449e-01
1.905000000000001192e+09 9.320843176359460136e-01
2.087000000000001431e+09 1.034933127836473288e+00
2.282000000000000000e+09 1.139975691552390646e+00
2.489000000000000954e+09 1.245729047262676303e+00
2.709000000000001431e+09 1.351259102498658882e+00
2.942000000000000000e+09 1.455694226346780473e+00
3.187000000000000954e+09 1.557373352378089715e+00
3.446000000000001431e+09 1.653369966556828441e+00
3.718000000000000000e+09 1.740084748411219184e+00
4.003000000000000000e+09 1.814661156444909329e+00
4.300000000000000954e+09 1.876068842321984675e+00
4.608000000000000954e+09 1.924865204641149630e+00
4.928000000000000954e+09 1.961844937868991279e+00
5.258000000000000954e+09 1.986731356908531199e+00
5.598000000000000954e+09 1.997806458241202954e+00
5.947000000000000954e+09 1.992620548209820264e+00
6.303000000000000954e+09 1.969426094409526984e+00
6.666000000000000000e+09 1.928539071558773799e+00
7.034000000000000954e+09 1.872511791479028354e+00
7.406000000000000954e+09 1.804655125538658478e+00
7.782000000000000954e+09 1.726973171554331721e+00
8.159000000000000954e+09 1.639304113552854769e+00
8.536000000000000954e+09 1.540413086320912672e+00
8.912000000000000000e+09 1.429851789925869587e+00
9.287000000000000000e+09 1.308855684143909848e+00
9.657000000000000000e+09 1.179995708822916045e+00
1.002400000000000000e+10 1.046650573872293766e+00
1.038500000000000191e+10 9.128383367731583986e-01
1.074100000000000000e+10 7.827400398789985392e-01
1.108800000000000191e+10 6.595361994092752145e-01
1.142900000000000000e+10 5.445188449568213462e-01
1.175900000000000000e+10 4.375931571659494868e-01
1.208000000000000000e+10 3.388649293889945402e-01
1.239100000000000000e+10 2.500524753396220490e-01
1.269100000000000000e+10 1.750172146031520048e-01
1.297800000000000191e+10 1.194622991674905710e-01
1.325500000000000000e+10 8.958351846201943747e-02
1.351800000000000000e+10 0.000000000000000000e+00
