2.230000000000007451e+08 1.707294927575957353e-08
2.610000000000010133e+08 8.594467065779454017e-07
3.030000000000008345e+08 1.728830449133949548e-05
3.500000000000014305e+08 1.735326736508624196e-04
4.020000000000010133e+08 9.235254391778300806e-04
4.590000000000014305e+08 3.103333203997698728e-03
5.230000000000014901e+08 8.352897375466995789e-03
5.920000000000004768e+08 1.920695380037423100e-02
6.680000000000010729e+08 3.742887407459332544e-02
7.510000000000011921e+08 6.334998328839544501e-02
8.420000000000004768e+08 9.641932118490782744e-02
9.410000000000007153e+08 1.351594438852281588e-01
1.049000000000001311e+09 1.745634028169275875e-01
1.166000000000000477e+09 2.088131179140172711e-01
1.291999999999999762e+09 2.351773374748900858e-01
1.429000000000000238e+09 2.535703803177040694e-01
1.576000000000000477e+09 2.644787004219879556e-01
1.735000000000001192e+09 2.719127855037559716e-01
1.905000000000001192e+09 2.828655947064159792e-01
2.087000000000001431e+09 2.995999844763347353e-01
2.282000000000000000e+09 3.211628752419203314e-01
2.489000000000000954e+09 3.472358328281388573e-01
2.709000000000001431e+09 3.776969096183943053e-01
2.942000000000000000e+09 4.119857816133389861e-01
3.187000000000000954e+09 4.503995539148036853e-01
3.446000000000001431e+09 4.957341694009945732e-01
3.718000000000000000e+09 5.487278017259469287e-01
4.003000000000000000e+09 6.063504799419568991e-01
4.300000000000000954e+09 6.684735779241752773e-01
4.608000000000000954e+09 7.384222193353808805e-01
4.928000000000000954e+09 8.158025537298607688e-01
5.258000000000000954e+09 8.925011286342973138e-01
5.598000000000000954e+09 9.624791364936917670e-01
5.947000000000000954e+09 1.030572563137026165e+00
6.303000000000000954e+09 1.101101088471071687e+00
6.666000000000000000e+09 1.171346679714851291e+00
7.034000000000000954e+09 1.238973610383791168e+00
7.406000000000000954e+09 1.302768707434863504e+00
7.782000000000000954e+09 1.360448553633335944e+00
8.159000000000000954e+09 1.412175984912925841e+00
8.536000000000000954e+09 1.461055864429465112e+00
8.912000000000000000e+09 1.508027742320985798e+00
9.287000000000000000e+09 1.552794955818533218e+00
9.657000000000000000e+09 1.596845906466519693e+00
1.002400000000000000e+10 1.641967307473283899e+00
1.038500000000000191e+10 1.687689172588094699e+00
1.074100000000000000e+10 1.733012315835338324e+00
1.108800000000000191e+10 1.776301925754564692e+00
1.142900000000000000e+10 1.817694729447297375e+00
1.175900000000000000e+10 1.859708215887366345e+00
1.208000000000000000e+10 1.904095332900054505e+00
1.239100000000000000e+10 1.950870626843566713e+00
1.269100000000000000e+10 1.993217327407210027e+00
1.297800000000000191e+10 2.025377356406716789e+00
1.325500000000000000e+10 2.044485629986927400e+00
1.351800000000000000e+10 2.052252195966664861e+00
