0.000000000000000000e+00 8.022668808427365130e-08
0.000000000000000000e+00 9.612624590848793644e-07
0.000000000000000000e+00 6.967312787350461671e-06
6.000000000000227243e+06 3.988215594524637615e-05
1.020000000000003129e+08 1.860494519704868955e-04
1.290000000000013411e+08 7.386159527472365479e-04
1.580000000000012517e+08 2.548206813022379363e-03
1.870000000000011623e+08 7.762064038319497691e-03
2.230000000000007451e+08 2.109314151955971398e-02
2.610000000000010133e+08 5.147950842561692386e-02
3.030000000000008345e+08 1.133525832063259769e-01
3.500000000000014305e+08 2.260181753868530929e-01
4.020000000000010133e+08 4.097822713071718748e-01
4.590000000000014305e+08 6.794618616404700662e-01
5.230000000000014901e+08 1.039198152095192063e+00
5.920000000000004768e+08 1.483666887840429993e+00
6.680000000000010729e+08 2.006591432289187793e+00
7.510000000000011921e+08 2.610516272921310055e+00
8.420000000000004768e+08 3.309683094966676009e+00
9.410000000000007153e+08 4.124429010342857360e+00
1.049000000000001311e+09 5.073996756320133805e+00
1.166000000000000477e+09 6.174800600890911539e+00
1.291999999999999762e+09 7.442796511830174211e+00
1.429000000000000238e+09 8.892329439663146928e+00
1.576000000000000477e+09 1.052739732540759121e+01
1.735000000000001192e+09 1.233006478889604551e+01
1.905000000000001192e+09 1.425496929705027327e+01
2.087000000000001431e+09 1.623518209392879896e+01
2.282000000000000000e+09 1.819555318236841757e+01
2.489000000000000954e+09 2.006255856300874285e+01
2.709000000000001431e+09 2.176439356353060717e+01
2.942000000000000000e+09 2.322939785227406873e+01
3.187000000000000954e+09 2.439478389409856618e+01
3.446000000000001431e+09 2.522127799975115892e+01
3.718000000000000000e+09 2.569503449144644947e+01
4.003000000000000000e+09 2.581246837055321919e+01
4.300000000000000954e+09 2.556902950262367114e+01
4.608000000000000954e+09 2.496895244824648330e+01
4.928000000000000954e+09 2.404219287421817342e+01
5.258000000000000954e+09 2.284546260373465998e+01
5.598000000000000954e+09 2.144874740197665020e+01
5.947000000000000954e+09 1.992395572268850756e+01
6.303000000000000954e+09 1.833779713122183708e+01
6.666000000000000000e+09 1.674325871935391419e+01
7.034000000000000954e+09 1.517425411113237743e+01
7.406000000000000954e+09 1.365179221977481916e+01
7.782000000000000954e+09 1.219741540491143006e+01
8.159000000000000954e+09 1.083662721754685343e+01
8.536000000000000954e+09 9.584511120711038501e+00
8.912000000000000000e+09 8.432419512477457246e+00
9.287000000000000000e+09 7.358586187490670838e+00
9.657000000000000000e+09 6.353261358963484540e+00
1.002400000000000000e+10 5.427285690288908171e+00
1.038500000000000191e+10 4.596136319689145822e+00
1.074100000000000000e+10 3.862325202712378669e+00
1.108800000000000191e+10 3.214191724712585962e+00
1.142900000000000000e+10 2.635618776125178808e+00
1.175900000000000000e+10 2.114297039436886738e+00
1.208000000000000000e+10 1.644736125601032661e+00
1.239100000000000000e+10 1.229715622965628974e+00
1.269100000000000000e+10 8.821530631974699999e-01
1.297800000000000191e+10 6.253602268218034776e-01
1.325500000000000000e+10 4.871593932955323725e-01
1.351800000000000000e+10 0.000000000000000000e+00
