0.000000000000000000e+00 4.205498766551742050e-08
0.000000000000000000e+00 5.288451993356520278e-07
6.000000000000227243e+06 3.746761576692469995e-06
1.020000000000003129e+08 2.055639742319073223e-05
1.290000000000013411e+08 9.220389425103980667e-05
1.580000000000012517e+08 3.487490699770208458e-04
1.870000000000011623e+08 1.140199366747576696e-03
2.230000000000007451e+08 3.285393403873969592e-03
2.610000000000010133e+08 8.459759759866356324e-03
3.030000000000008345e+08 1.962481804450779549e-02
3.500000000000014305e+08 4.118913776103662328e-02
4.020000000000010133e+08 7.846683942089978381e-02
4.590000000000014305e+08 1.362898227085643788e-01
5.230000000000014901e+08 2.173332580956560678e-01
5.920000000000004768e+08 3.212770466360328481e-01
6.680000000000010729e+08 4.455720596900799579e-01
7.510000000000011921e+08 5.873276585785425219e-01
8.420000000000004768e+08 7.447710213101804699e-01
9.410000000000007153e+08 9.172128433966800776e-01
1.049000000000001311e+09 1.104273060452443112e+00
1.166000000000000477e+09 1.306150777408451535e+00
1.291999999999999762e+09 1.525351091978349061e+00
1.429000000000000238e+09 1.767994403500621647e+00
1.576000000000000477e+09 2.042627043898741945e+00
1.735000000000001192e+09 2.356665686394356918e+00
1.905000000000001192e+09 2.712693299876772546e+00
2.087000000000001431e+09 3.106862984176122833e+00
2.282000000000000000e+09 3.530043225933773954e+00
2.489000000000000954e+09 3.970432737499930642e+00
2.709000000000001431e+09 4.415816445229550524e+00
2.942000000000000000e+09 4.854795992733004439e+00
3.187000000000000954e+09 5.277232245168779201e+00
3.446000000000001431e+09 5.673512275562668350e+00
3.718000000000000000e+09 6.032430001622869575e+00
4.003000000000000000e+09 6.340023292320839055e+00
4.300000000000000954e+09 6.582038977665167323e+00
4.608000000000000954e+09 6.748516857003568958e+00
4.928000000000000954e+09 6.836311503472439099e+00
5.258000000000000954e+09 6.848316108905637023e+00
5.598000000000000954e+09 6.791420474578559130e+00
5.947000000000000954e+09 6.674567941699962148e+00
6.303000000000000954e+09 6.506498578443878245e+00
6.666000000000000000e+09 6.293203683243072888e+00
7.034000000000000954e+09 6.036639636365320527e+00
7.406000000000000954e+09 5.736440387302675248e+00
7.782000000000000954e+09 5.394392288187922269e+00
8.159000000000000954e+09 5.018033920090083200e+00
8.536000000000000954e+09 4.619216278942375631e+00
8.912000000000000000e+09 4.208514704418957031e+00
9.287000000000000000e+09 3.791508953301727658e+00
9.657000000000000000e+09 3.370960455726950578e+00
1.002400000000000000e+10 2.951767531970031833e+00
1.038500000000000191e+10 2.542593985504620235e+00
1.074100000000000000e+10 2.152767894089643530e+00
1.108800000000000191e+10 1.788705397266526553e+00
1.142900000000000000e+10 1.453437754509725011e+00
1.175900000000000000e+10 1.148283936745104761e+00
1.208000000000000000e+10 8.744477986979175554e-01
1.239100000000000000e+10 6.347739230993427739e-01
1.269100000000000000e+10 4.362246253960376796e-01
1.297800000000000191e+10 2.909818734750234115e-01
1.325500000000000000e+10 2.133945767417841921e-01
1.351800000000000000e+10 0.000000000000000000e+00
