0.000000 12.848748
1000000.000000 12.847567
1388818.640169 12.846777
1928817.215280 12.845680
2678777.302059 12.844156
3720335.849961 12.842039
5166871.776114 12.839099
7175847.834028 12.835017
9965951.230913 12.829347
13840898.836504 12.821473
19222498.300827 12.810537
26696563.950800 12.795349
37076685.643327 12.774256
51492792.137129 12.744961
71514149.554378 12.704275
99320183.936934 12.647771
137937722.796600 12.569296
191570480.602344 12.460309
266056654.366616 12.308946
369504440.925284 12.098730
513174655.182158 11.806778
712706526.779135 11.401310
989820109.360773 10.838188
1374680618.294087 10.166582
1909182066.965496 9.608169
2651507642.077535 8.981115
3682463237.867104 7.994872
5114273586.485910 6.674300
7102798487.834159 5.270004
9864498937.266310 4.612894
13700000000.000025 3.700288
