0.000000 19.273123
1000000.000000 19.271350
1388818.640169 19.270165
1928817.215280 19.268519
2678777.302059 19.266233
3720335.849961 19.263058
5166871.776114 19.258649
7175847.834028 19.252526
9965951.230913 19.244021
13840898.836504 19.232210
19222498.300827 19.215806
26696563.950800 19.193024
37076685.643327 19.161383
51492792.137129 19.117441
71514149.554378 19.056413
99320183.936934 18.971656
137937722.796600 18.853944
191570480.602344 18.690464
266056654.366616 18.463419
369504440.925284 18.148095
513174655.182158 17.710168
712706526.779135 17.101965
989820109.360773 16.257283
1374680618.294087 15.249873
1909182066.965496 14.412254
2651507642.077535 13.471673
3682463237.867104 11.992308
5114273586.485910 10.011450
7102798487.834159 7.905006
9864498937.266310 6.919341
13700000000.000025 5.550432
