0.000000 9.636561
1000000.000000 9.635675
1388818.640169 9.635083
1928817.215280 9.634260
2678777.302059 9.633117
3720335.849961 9.631529
5166871.776114 9.629325
7175847.834028 9.626263
9965951.230913 9.622010
13840898.836504 9.616105
19222498.300827 9.607903
26696563.950800 9.596512
37076685.643327 9.580692
51492792.137129 9.558721
71514149.554378 9.528207
99320183.936934 9.485828
137937722.796600 9.426972
191570480.602344 9.345232
266056654.366616 9.231710
369504440.925284 9.074048
513174655.182158 8.855084
712706526.779135 8.550983
989820109.360773 8.128641
1374680618.294087 7.624936
1909182066.965496 7.206127
2651507642.077535 6.735836
3682463237.867104 5.996154
5114273586.485910 5.005725
7102798487.834159 3.952503
9864498937.266310 3.459671
13700000000.000025 2.775216
