0.000000 15.006011
5000000.000000 14.995138
10000000.000000 14.983272
15000000.000000 14.971406
20000000.000000 14.959539
25000000.000000 14.947673
30000000.000000 14.935806
35000000.000000 14.923940
40000000.000000 14.912074
45000000.000000 14.900207
50000000.000000 14.888341
55000000.000000 14.876474
60000000.000000 14.864608
65000000.000000 14.852742
70000000.000000 14.840875
75000000.000000 14.829009
80000000.000000 14.817142
85000000.000000 14.805276
90000000.000000 14.793410
95000000.000000 14.781543
100000000.000000 14.769677
105000000.000000 14.757811
110000000.000000 14.745944
115000000.000000 14.734078
120000000.000000 14.722211
125000000.000000 14.710345
130000000.000000 14.698479
135000000.000000 14.686612
140000000.000000 14.674746
145000000.000000 14.662879
150000000.000000 14.651013
155000000.000000 14.639147
160000000.000000 14.627280
165000000.000000 14.615414
170000000.000000 14.603547
175000000.000000 14.591681
180000000.000000 14.579815
185000000.000000 14.567948
190000000.000000 14.556082
195000000.000000 14.544215
200000000.000000 14.532349
205000000.000000 14.520483
210000000.000000 14.508616
215000000.000000 14.496750
220000000.000000 14.484883
225000000.000000 14.473017
230000000.000000 14.461151
235000000.000000 14.449284
240000000.000000 14.437418
245000000.000000 14.425551
250000000.000000 14.413685
255000000.000000 14.401819
260000000.000000 14.389952
265000000.000000 14.378086
270000000.000000 14.366219
275000000.000000 14.354353
280000000.000000 14.342487
285000000.000000 14.330620
290000000.000000 14.318754
295000000.000000 14.306887
300000000.000000 14.295021
305000000.000000 14.283155
310000000.000000 14.271288
315000000.000000 14.259422
320000000.000000 14.247555
325000000.000000 14.235689
330000000.000000 14.223823
335000000.000000 14.211956
340000000.000000 14.200090
345000000.000000 14.188223
350000000.000000 14.176357
355000000.000000 14.164491
360000000.000000 14.152624
365000000.000000 14.140758
370000000.000000 14.128891
375000000.000000 14.117025
380000000.000000 14.105159
385000000.000000 14.093292
390000000.000000 14.081426
395000000.000000 14.069559
400000000.000000 14.057693
405000000.000000 14.045827
410000000.000000 14.033960
415000000.000000 14.022094
420000000.000000 14.010227
425000000.000000 13.998361
430000000.000000 13.986495
435000000.000000 13.974628
440000000.000000 13.962762
445000000.000000 13.950895
450000000.000000 13.939029
455000000.000000 13.927163
460000000.000000 13.915296
465000000.000000 13.903430
470000000.000000 13.891563
475000000.000000 13.879697
480000000.000000 13.867831
485000000.000000 13.855964
490000000.000000 13.844098
495000000.000000 13.832231
500000000.000000 13.820365
505000000.000000 13.808499
510000000.000000 13.796632
515000000.000000 13.784766
520000000.000000 13.772899
525000000.000000 13.761033
530000000.000000 13.749167
535000000.000000 13.737300
540000000.000000 13.725434
545000000.000000 13.713567
550000000.000000 13.701701
555000000.000000 13.689835
560000000.000000 13.677968
565000000.000000 13.666102
570000000.000000 13.654235
575000000.000000 13.642369
580000000.000000 13.630503
585000000.000000 13.618636
590000000.000000 13.606770
595000000.000000 13.594904
600000000.000000 13.583037
605000000.000000 13.571171
610000000.000000 13.559304
615000000.000000 13.547438
620000000.000000 13.535572
625000000.000000 13.523705
630000000.000000 13.511839
635000000.000000 13.499972
640000000.000000 13.488106
645000000.000000 13.476240
650000000.000000 13.464373
655000000.000000 13.452507
660000000.000000 13.440640
665000000.000000 13.428774
670000000.000000 13.416908
675000000.000000 13.405041
680000000.000000 13.393175
685000000.000000 13.381308
690000000.000000 13.369442
695000000.000000 13.357576
700000000.000000 13.345709
705000000.000000 13.333843
710000000.000000 13.321976
715000000.000000 13.310110
720000000.000000 13.298244
725000000.000000 13.286377
730000000.000000 13.274511
735000000.000000 13.262644
740000000.000000 13.250778
745000000.000000 13.238912
750000000.000000 13.227045
755000000.000000 13.215179
760000000.000000 13.203312
765000000.000000 13.191446
770000000.000000 13.179580
775000000.000000 13.167713
780000000.000000 13.155847
785000000.000000 13.143980
790000000.000000 13.132114
795000000.000000 13.120248
800000000.000000 13.108381
805000000.000000 13.096515
810000000.000000 13.084648
815000000.000000 13.072782
820000000.000000 13.060916
825000000.000000 13.049049
830000000.000000 13.037183
835000000.000000 13.025316
840000000.000000 13.013450
845000000.000000 13.001584
850000000.000000 12.989717
855000000.000000 12.977851
860000000.000000 12.965984
865000000.000000 12.954118
870000000.000000 12.942252
875000000.000000 12.930385
880000000.000000 12.918519
885000000.000000 12.906652
890000000.000000 12.894786
895000000.000000 12.882920
900000000.000000 12.871053
905000000.000000 12.859187
910000000.000000 12.847320
915000000.000000 12.835454
920000000.000000 12.823588
925000000.000000 12.811721
930000000.000000 12.799855
935000000.000000 12.787988
940000000.000000 12.776122
945000000.000000 12.764256
950000000.000000 12.752389
955000000.000000 12.740523
960000000.000000 12.728656
965000000.000000 12.716790
970000000.000000 12.704924
975000000.000000 12.693057
980000000.000000 12.681191
985000000.000000 12.669324
990000000.000000 12.657518
995000000.000000 12.647328
1000000000.000000 12.637138
1005000000.000000 12.626948
1010000000.000000 12.616757
1015000000.000000 12.606567
1020000000.000000 12.596377
1025000000.000000 12.586186
1030000000.000000 12.575996
1035000000.000000 12.565806
1040000000.000000 12.555616
1045000000.000000 12.545425
1050000000.000000 12.535235
1055000000.000000 12.525045
1060000000.000000 12.514854
1065000000.000000 12.504664
1070000000.000000 12.494474
1075000000.000000 12.484284
1080000000.000000 12.474093
1085000000.000000 12.463903
1090000000.000000 12.453713
1095000000.000000 12.443522
1100000000.000000 12.433332
1105000000.000000 12.423142
1110000000.000000 12.412952
1115000000.000000 12.402761
1120000000.000000 12.392571
1125000000.000000 12.382381
1130000000.000000 12.372191
1135000000.000000 12.362000
1140000000.000000 12.351810
1145000000.000000 12.341620
1150000000.000000 12.331429
1155000000.000000 12.321239
1160000000.000000 12.311049
1165000000.000000 12.300859
1170000000.000000 12.290668
1175000000.000000 12.280478
1180000000.000000 12.270288
1185000000.000000 12.260097
1190000000.000000 12.249907
1195000000.000000 12.239717
1200000000.000000 12.229527
1205000000.000000 12.219336
1210000000.000000 12.209146
1215000000.000000 12.198956
1220000000.000000 12.188765
1225000000.000000 12.178575
1230000000.000000 12.168385
1235000000.000000 12.158195
1240000000.000000 12.148004
1245000000.000000 12.137814
1250000000.000000 12.127624
1255000000.000000 12.117434
1260000000.000000 12.107243
1265000000.000000 12.097053
1270000000.000000 12.086863
1275000000.000000 12.076672
1280000000.000000 12.066482
1285000000.000000 12.056292
1290000000.000000 12.046102
1295000000.000000 12.035911
1300000000.000000 12.025721
1305000000.000000 12.015531
1310000000.000000 12.005340
1315000000.000000 11.995150
1320000000.000000 11.984960
1325000000.000000 11.974770
1330000000.000000 11.964579
1335000000.000000 11.954389
1340000000.000000 11.944199
1345000000.000000 11.934008
1350000000.000000 11.923818
1355000000.000000 11.913628
1360000000.000000 11.903438
1365000000.000000 11.893247
1370000000.000000 11.883057
1375000000.000000 11.873128
1380000000.000000 11.867027
1385000000.000000 11.860927
1390000000.000000 11.854826
1395000000.000000 11.848725
1400000000.000000 11.842624
1405000000.000000 11.836524
1410000000.000000 11.830423
1415000000.000000 11.824322
1420000000.000000 11.818222
1425000000.000000 11.812121
1430000000.000000 11.806020
1435000000.000000 11.799919
1440000000.000000 11.793819
1445000000.000000 11.787718
1450000000.000000 11.781617
1455000000.000000 11.775517
1460000000.000000 11.769416
1465000000.000000 11.763315
1470000000.000000 11.757214
1475000000.000000 11.751114
1480000000.000000 11.745013
1485000000.000000 11.738912
1490000000.000000 11.732812
1495000000.000000 11.726711
1500000000.000000 11.720610
1505000000.000000 11.714509
1510000000.000000 11.708409
1515000000.000000 11.702308
1520000000.000000 11.696207
1525000000.000000 11.690107
1530000000.000000 11.684006
1535000000.000000 11.677905
1540000000.000000 11.671804
1545000000.000000 11.665704
1550000000.000000 11.659603
1555000000.000000 11.653502
1560000000.000000 11.647402
1565000000.000000 11.641301
1570000000.000000 11.635200
1575000000.000000 11.629099
1580000000.000000 11.622999
1585000000.000000 11.616898
1590000000.000000 11.610797
1595000000.000000 11.604696
1600000000.000000 11.598596
1605000000.000000 11.592495
1610000000.000000 11.586394
1615000000.000000 11.580294
1620000000.000000 11.574193
1625000000.000000 11.568092
1630000000.000000 11.561991
1635000000.000000 11.555891
1640000000.000000 11.549790
1645000000.000000 11.543689
1650000000.000000 11.537589
1655000000.000000 11.531488
1660000000.000000 11.525387
1665000000.000000 11.519286
1670000000.000000 11.513186
1675000000.000000 11.507085
1680000000.000000 11.500984
1685000000.000000 11.494884
1690000000.000000 11.488783
1695000000.000000 11.482682
1700000000.000000 11.476581
1705000000.000000 11.470481
1710000000.000000 11.464380
1715000000.000000 11.458279
1720000000.000000 11.452179
1725000000.000000 11.446078
1730000000.000000 11.439977
1735000000.000000 11.433876
1740000000.000000 11.427776
1745000000.000000 11.421675
1750000000.000000 11.415574
1755000000.000000 11.409474
1760000000.000000 11.403373
1765000000.000000 11.397272
1770000000.000000 11.391171
1775000000.000000 11.385071
1780000000.000000 11.378970
1785000000.000000 11.372869
1790000000.000000 11.366769
1795000000.000000 11.360668
1800000000.000000 11.354567
1805000000.000000 11.348466
1810000000.000000 11.342366
1815000000.000000 11.336265
1820000000.000000 11.330164
1825000000.000000 11.324064
1830000000.000000 11.317963
1835000000.000000 11.311862
1840000000.000000 11.305761
1845000000.000000 11.299661
1850000000.000000 11.293560
1855000000.000000 11.287459
1860000000.000000 11.281358
1865000000.000000 11.275258
1870000000.000000 11.269157
1875000000.000000 11.263056
1880000000.000000 11.256956
1885000000.000000 11.250855
1890000000.000000 11.244754
1895000000.000000 11.238653
1900000000.000000 11.232553
1905000000.000000 11.226452
1910000000.000000 11.220542
1915000000.000000 11.215610
1920000000.000000 11.210677
1925000000.000000 11.205744
1930000000.000000 11.200812
1935000000.000000 11.195879
1940000000.000000 11.190946
1945000000.000000 11.186013
1950000000.000000 11.181081
1955000000.000000 11.176148
1960000000.000000 11.171215
1965000000.000000 11.166283
1970000000.000000 11.161350
1975000000.000000 11.156417
1980000000.000000 11.151485
1985000000.000000 11.146552
1990000000.000000 11.141619
1995000000.000000 11.136686
2000000000.000000 11.131754
2005000000.000000 11.126821
2010000000.000000 11.121888
2015000000.000000 11.116956
2020000000.000000 11.112023
2025000000.000000 11.107090
2030000000.000000 11.102158
2035000000.000000 11.097225
2040000000.000000 11.092292
2045000000.000000 11.087359
2050000000.000000 11.082427
2055000000.000000 11.077494
2060000000.000000 11.072561
2065000000.000000 11.067629
2070000000.000000 11.062696
2075000000.000000 11.057763
2080000000.000000 11.052831
2085000000.000000 11.047898
2090000000.000000 11.042965
2095000000.000000 11.038032
2100000000.000000 11.033100
2105000000.000000 11.028167
2110000000.000000 11.023234
2115000000.000000 11.018302
2120000000.000000 11.013369
2125000000.000000 11.008436
2130000000.000000 11.003504
2135000000.000000 10.998571
2140000000.000000 10.993638
2145000000.000000 10.988705
2150000000.000000 10.983773
2155000000.000000 10.978840
2160000000.000000 10.973907
2165000000.000000 10.968975
2170000000.000000 10.964042
2175000000.000000 10.959109
2180000000.000000 10.954177
2185000000.000000 10.949244
2190000000.000000 10.944311
2195000000.000000 10.939378
2200000000.000000 10.934446
2205000000.000000 10.929513
2210000000.000000 10.924580
2215000000.000000 10.919648
2220000000.000000 10.914715
2225000000.000000 10.909782
2230000000.000000 10.904850
2235000000.000000 10.899917
2240000000.000000 10.894984
2245000000.000000 10.890051
2250000000.000000 10.885119
2255000000.000000 10.880186
2260000000.000000 10.875253
2265000000.000000 10.870321
2270000000.000000 10.865388
2275000000.000000 10.860455
2280000000.000000 10.855523
2285000000.000000 10.850590
2290000000.000000 10.845657
2295000000.000000 10.840724
2300000000.000000 10.835792
2305000000.000000 10.830859
2310000000.000000 10.825926
2315000000.000000 10.820994
2320000000.000000 10.816061
2325000000.000000 10.811128
2330000000.000000 10.806196
2335000000.000000 10.801263
2340000000.000000 10.796330
2345000000.000000 10.791397
2350000000.000000 10.786465
2355000000.000000 10.781532
2360000000.000000 10.776599
2365000000.000000 10.771667
2370000000.000000 10.766734
2375000000.000000 10.761801
2380000000.000000 10.756868
2385000000.000000 10.751936
2390000000.000000 10.747003
2395000000.000000 10.742070
2400000000.000000 10.737138
2405000000.000000 10.732205
2410000000.000000 10.727272
2415000000.000000 10.722340
2420000000.000000 10.717407
2425000000.000000 10.712474
2430000000.000000 10.707541
2435000000.000000 10.702609
2440000000.000000 10.697676
2445000000.000000 10.692743
2450000000.000000 10.687811
2455000000.000000 10.682878
2460000000.000000 10.677945
2465000000.000000 10.673013
2470000000.000000 10.668080
2475000000.000000 10.663147
2480000000.000000 10.658214
2485000000.000000 10.653282
2490000000.000000 10.648349
2495000000.000000 10.643416
2500000000.000000 10.638484
2505000000.000000 10.633551
2510000000.000000 10.628618
2515000000.000000 10.623686
2520000000.000000 10.618753
2525000000.000000 10.613820
2530000000.000000 10.608887
2535000000.000000 10.603955
2540000000.000000 10.599022
2545000000.000000 10.594089
2550000000.000000 10.589157
2555000000.000000 10.584224
2560000000.000000 10.579291
2565000000.000000 10.574359
2570000000.000000 10.569426
2575000000.000000 10.564493
2580000000.000000 10.559560
2585000000.000000 10.554628
2590000000.000000 10.549695
2595000000.000000 10.544762
2600000000.000000 10.539830
2605000000.000000 10.534897
2610000000.000000 10.529964
2615000000.000000 10.525032
2620000000.000000 10.520099
2625000000.000000 10.515166
2630000000.000000 10.510233
2635000000.000000 10.505301
2640000000.000000 10.500368
2645000000.000000 10.495435
2650000000.000000 10.490503
2655000000.000000 10.485113
2660000000.000000 10.479527
2665000000.000000 10.473941
2670000000.000000 10.468355
2675000000.000000 10.462769
2680000000.000000 10.457182
2685000000.000000 10.451596
2690000000.000000 10.446010
2695000000.000000 10.440424
2700000000.000000 10.434837
2705000000.000000 10.429251
2710000000.000000 10.423665
2715000000.000000 10.418079
2720000000.000000 10.412493
2725000000.000000 10.406906
2730000000.000000 10.401320
2735000000.000000 10.395734
2740000000.000000 10.390148
2745000000.000000 10.384561
2750000000.000000 10.378975
2755000000.000000 10.373389
2760000000.000000 10.367803
2765000000.000000 10.362216
2770000000.000000 10.356630
2775000000.000000 10.351044
2780000000.000000 10.345458
2785000000.000000 10.339872
2790000000.000000 10.334285
2795000000.000000 10.328699
2800000000.000000 10.323113
2805000000.000000 10.317527
2810000000.000000 10.311940
2815000000.000000 10.306354
2820000000.000000 10.300768
2825000000.000000 10.295182
2830000000.000000 10.289595
2835000000.000000 10.284009
2840000000.000000 10.278423
2845000000.000000 10.272837
2850000000.000000 10.267251
2855000000.000000 10.261664
2860000000.000000 10.256078
2865000000.000000 10.250492
2870000000.000000 10.244906
2875000000.000000 10.239319
2880000000.000000 10.233733
2885000000.000000 10.228147
2890000000.000000 10.222561
2895000000.000000 10.216975
2900000000.000000 10.211388
2905000000.000000 10.205802
2910000000.000000 10.200216
2915000000.000000 10.194630
2920000000.000000 10.189043
2925000000.000000 10.183457
2930000000.000000 10.177871
2935000000.000000 10.172285
2940000000.000000 10.166698
2945000000.000000 10.161112
2950000000.000000 10.155526
2955000000.000000 10.149940
2960000000.000000 10.144354
2965000000.000000 10.138767
2970000000.000000 10.133181
2975000000.000000 10.127595
2980000000.000000 10.122009
2985000000.000000 10.116422
2990000000.000000 10.110836
2995000000.000000 10.105250
3000000000.000000 10.099664
3005000000.000000 10.094077
3010000000.000000 10.088491
3015000000.000000 10.082905
3020000000.000000 10.077319
3025000000.000000 10.071733
3030000000.000000 10.066146
3035000000.000000 10.060560
3040000000.000000 10.054974
3045000000.000000 10.049388
3050000000.000000 10.043801
3055000000.000000 10.038215
3060000000.000000 10.032629
3065000000.000000 10.027043
3070000000.000000 10.021457
3075000000.000000 10.015870
3080000000.000000 10.010284
3085000000.000000 10.004698
3090000000.000000 9.999112
3095000000.000000 9.993525
3100000000.000000 9.987939
3105000000.000000 9.982353
3110000000.000000 9.976767
3115000000.000000 9.971180
3120000000.000000 9.965594
3125000000.000000 9.960008
3130000000.000000 9.954422
3135000000.000000 9.948836
3140000000.000000 9.943249
3145000000.000000 9.937663
3150000000.000000 9.932077
3155000000.000000 9.926491
3160000000.000000 9.920904
3165000000.000000 9.915318
3170000000.000000 9.909732
3175000000.000000 9.904146
3180000000.000000 9.898560
3185000000.000000 9.892973
3190000000.000000 9.887387
3195000000.000000 9.881801
3200000000.000000 9.876215
3205000000.000000 9.870628
3210000000.000000 9.865042
3215000000.000000 9.859456
3220000000.000000 9.853870
3225000000.000000 9.848283
3230000000.000000 9.842697
3235000000.000000 9.837111
3240000000.000000 9.831525
3245000000.000000 9.825939
3250000000.000000 9.820352
3255000000.000000 9.814766
3260000000.000000 9.809180
3265000000.000000 9.803594
3270000000.000000 9.798007
3275000000.000000 9.792421
3280000000.000000 9.786835
3285000000.000000 9.781249
3290000000.000000 9.775662
3295000000.000000 9.770076
3300000000.000000 9.764490
3305000000.000000 9.758904
3310000000.000000 9.753318
3315000000.000000 9.747731
3320000000.000000 9.742145
3325000000.000000 9.736559
3330000000.000000 9.730973
3335000000.000000 9.725386
3340000000.000000 9.719800
3345000000.000000 9.714214
3350000000.000000 9.708628
3355000000.000000 9.703042
3360000000.000000 9.697455
3365000000.000000 9.691869
3370000000.000000 9.686283
3375000000.000000 9.680697
3380000000.000000 9.675110
3385000000.000000 9.669524
3390000000.000000 9.663938
3395000000.000000 9.658352
3400000000.000000 9.652765
3405000000.000000 9.647179
3410000000.000000 9.641593
3415000000.000000 9.636007
3420000000.000000 9.630421
3425000000.000000 9.624834
3430000000.000000 9.619248
3435000000.000000 9.613662
3440000000.000000 9.608076
3445000000.000000 9.602489
3450000000.000000 9.596903
3455000000.000000 9.591317
3460000000.000000 9.585731
3465000000.000000 9.580144
3470000000.000000 9.574558
3475000000.000000 9.568972
3480000000.000000 9.563386
3485000000.000000 9.557800
3490000000.000000 9.552213
3495000000.000000 9.546627
3500000000.000000 9.541041
3505000000.000000 9.535455
3510000000.000000 9.529868
3515000000.000000 9.524282
3520000000.000000 9.518696
3525000000.000000 9.513110
3530000000.000000 9.507524
3535000000.000000 9.501937
3540000000.000000 9.496351
3545000000.000000 9.490765
3550000000.000000 9.485179
3555000000.000000 9.479592
3560000000.000000 9.474006
3565000000.000000 9.468420
3570000000.000000 9.462834
3575000000.000000 9.457247
3580000000.000000 9.451661
3585000000.000000 9.446075
3590000000.000000 9.440489
3595000000.000000 9.434903
3600000000.000000 9.429316
3605000000.000000 9.423730
3610000000.000000 9.418144
3615000000.000000 9.412558
3620000000.000000 9.406971
3625000000.000000 9.401385
3630000000.000000 9.395799
3635000000.000000 9.390213
3640000000.000000 9.384626
3645000000.000000 9.379040
3650000000.000000 9.373454
3655000000.000000 9.367868
3660000000.000000 9.362282
3665000000.000000 9.356695
3670000000.000000 9.351109
3675000000.000000 9.345523
3680000000.000000 9.339937
3685000000.000000 9.335174
3690000000.000000 9.331212
3695000000.000000 9.327250
3700000000.000000 9.323287
3705000000.000000 9.319325
3710000000.000000 9.315363
3715000000.000000 9.311400
3720000000.000000 9.307438
3725000000.000000 9.303475
3730000000.000000 9.299513
3735000000.000000 9.295551
3740000000.000000 9.291588
3745000000.000000 9.287626
3750000000.000000 9.283664
3755000000.000000 9.279701
3760000000.000000 9.275739
3765000000.000000 9.271777
3770000000.000000 9.267814
3775000000.000000 9.263852
3780000000.000000 9.259889
3785000000.000000 9.255927
3790000000.000000 9.251965
3795000000.000000 9.248002
3800000000.000000 9.244040
3805000000.000000 9.240078
3810000000.000000 9.236115
3815000000.000000 9.232153
3820000000.000000 9.228191
3825000000.000000 9.224228
3830000000.000000 9.220266
3835000000.000000 9.216304
3840000000.000000 9.212341
3845000000.000000 9.208379
3850000000.000000 9.204416
3855000000.000000 9.200454
3860000000.000000 9.196492
3865000000.000000 9.192529
3870000000.000000 9.188567
3875000000.000000 9.184605
3880000000.000000 9.180642
3885000000.000000 9.176680
3890000000.000000 9.172718
3895000000.000000 9.168755
3900000000.000000 9.164793
3905000000.000000 9.160831
3910000000.000000 9.156868
3915000000.000000 9.152906
3920000000.000000 9.148943
3925000000.000000 9.144981
3930000000.000000 9.141019
3935000000.000000 9.137056
3940000000.000000 9.133094
3945000000.000000 9.129132
3950000000.000000 9.125169
3955000000.000000 9.121207
3960000000.000000 9.117245
3965000000.000000 9.113282
3970000000.000000 9.109320
3975000000.000000 9.105357
3980000000.000000 9.101395
3985000000.000000 9.097433
3990000000.000000 9.093470
3995000000.000000 9.089508
4000000000.000000 9.085546
4005000000.000000 9.081583
4010000000.000000 9.077621
4015000000.000000 9.073659
4020000000.000000 9.069696
4025000000.000000 9.065734
4030000000.000000 9.061772
4035000000.000000 9.057809
4040000000.000000 9.053847
4045000000.000000 9.049884
4050000000.000000 9.045922
4055000000.000000 9.041960
4060000000.000000 9.037997
4065000000.000000 9.034035
4070000000.000000 9.030073
4075000000.000000 9.026110
4080000000.000000 9.022148
4085000000.000000 9.018186
4090000000.000000 9.014223
4095000000.000000 9.010261
4100000000.000000 9.006299
4105000000.000000 9.002336
4110000000.000000 8.998374
4115000000.000000 8.994411
4120000000.000000 8.990449
4125000000.000000 8.986487
4130000000.000000 8.982524
4135000000.000000 8.978562
4140000000.000000 8.974600
4145000000.000000 8.970637
4150000000.000000 8.966675
4155000000.000000 8.962713
4160000000.000000 8.958750
4165000000.000000 8.954788
4170000000.000000 8.950825
4175000000.000000 8.946863
4180000000.000000 8.942901
4185000000.000000 8.938938
4190000000.000000 8.934976
4195000000.000000 8.931014
4200000000.000000 8.927051
4205000000.000000 8.923089
4210000000.000000 8.919127
4215000000.000000 8.915164
4220000000.000000 8.911202
4225000000.000000 8.907240
4230000000.000000 8.903277
4235000000.000000 8.899315
4240000000.000000 8.895352
4245000000.000000 8.891390
4250000000.000000 8.887428
4255000000.000000 8.883465
4260000000.000000 8.879503
4265000000.000000 8.875541
4270000000.000000 8.871578
4275000000.000000 8.867616
4280000000.000000 8.863654
4285000000.000000 8.859691
4290000000.000000 8.855729
4295000000.000000 8.851767
4300000000.000000 8.847804
4305000000.000000 8.843842
4310000000.000000 8.839879
4315000000.000000 8.835917
4320000000.000000 8.831955
4325000000.000000 8.827992
4330000000.000000 8.824030
4335000000.000000 8.820068
4340000000.000000 8.816105
4345000000.000000 8.812143
4350000000.000000 8.808181
4355000000.000000 8.804218
4360000000.000000 8.800256
4365000000.000000 8.796293
4370000000.000000 8.792331
4375000000.000000 8.788369
4380000000.000000 8.784406
4385000000.000000 8.780444
4390000000.000000 8.776482
4395000000.000000 8.772519
4400000000.000000 8.768557
4405000000.000000 8.764595
4410000000.000000 8.760632
4415000000.000000 8.756670
4420000000.000000 8.752708
4425000000.000000 8.748745
4430000000.000000 8.744783
4435000000.000000 8.740820
4440000000.000000 8.736858
4445000000.000000 8.732896
4450000000.000000 8.728933
4455000000.000000 8.724971
4460000000.000000 8.721009
4465000000.000000 8.717046
4470000000.000000 8.713084
4475000000.000000 8.709122
4480000000.000000 8.705159
4485000000.000000 8.701197
4490000000.000000 8.697234
4495000000.000000 8.693272
4500000000.000000 8.689310
4505000000.000000 8.685347
4510000000.000000 8.681385
4515000000.000000 8.677423
4520000000.000000 8.673460
4525000000.000000 8.669498
4530000000.000000 8.665536
4535000000.000000 8.661573
4540000000.000000 8.657611
4545000000.000000 8.653649
4550000000.000000 8.649686
4555000000.000000 8.645724
4560000000.000000 8.641761
4565000000.000000 8.637799
4570000000.000000 8.633837
4575000000.000000 8.629874
4580000000.000000 8.625912
4585000000.000000 8.621950
4590000000.000000 8.617987
4595000000.000000 8.614025
4600000000.000000 8.610063
4605000000.000000 8.606100
4610000000.000000 8.602138
4615000000.000000 8.598176
4620000000.000000 8.594213
4625000000.000000 8.590251
4630000000.000000 8.586288
4635000000.000000 8.582326
4640000000.000000 8.578364
4645000000.000000 8.574401
4650000000.000000 8.570439
4655000000.000000 8.566477
4660000000.000000 8.562514
4665000000.000000 8.558552
4670000000.000000 8.554590
4675000000.000000 8.550627
4680000000.000000 8.546665
4685000000.000000 8.542702
4690000000.000000 8.538740
4695000000.000000 8.534778
4700000000.000000 8.530815
4705000000.000000 8.526853
4710000000.000000 8.522891
4715000000.000000 8.518928
4720000000.000000 8.514966
4725000000.000000 8.511004
4730000000.000000 8.507041
4735000000.000000 8.503079
4740000000.000000 8.499117
4745000000.000000 8.495154
4750000000.000000 8.491192
4755000000.000000 8.487229
4760000000.000000 8.483267
4765000000.000000 8.479305
4770000000.000000 8.475342
4775000000.000000 8.471380
4780000000.000000 8.467418
4785000000.000000 8.463455
4790000000.000000 8.459493
4795000000.000000 8.455531
4800000000.000000 8.451568
4805000000.000000 8.447606
4810000000.000000 8.443644
4815000000.000000 8.439681
4820000000.000000 8.435719
4825000000.000000 8.431756
4830000000.000000 8.427794
4835000000.000000 8.423832
4840000000.000000 8.419869
4845000000.000000 8.415907
4850000000.000000 8.411945
4855000000.000000 8.407982
4860000000.000000 8.404020
4865000000.000000 8.400058
4870000000.000000 8.396095
4875000000.000000 8.392133
4880000000.000000 8.388170
4885000000.000000 8.384208
4890000000.000000 8.380246
4895000000.000000 8.376283
4900000000.000000 8.372321
4905000000.000000 8.368359
4910000000.000000 8.364396
4915000000.000000 8.360434
4920000000.000000 8.356472
4925000000.000000 8.352509
4930000000.000000 8.348547
4935000000.000000 8.344585
4940000000.000000 8.340622
4945000000.000000 8.336660
4950000000.000000 8.332697
4955000000.000000 8.328735
4960000000.000000 8.324773
4965000000.000000 8.320810
4970000000.000000 8.316848
4975000000.000000 8.312886
4980000000.000000 8.308923
4985000000.000000 8.304961
4990000000.000000 8.300999
4995000000.000000 8.297036
5000000000.000000 8.293074
5005000000.000000 8.289112
5010000000.000000 8.285149
5015000000.000000 8.281187
5020000000.000000 8.277224
5025000000.000000 8.273262
5030000000.000000 8.269300
5035000000.000000 8.265337
5040000000.000000 8.261375
5045000000.000000 8.257413
5050000000.000000 8.253450
5055000000.000000 8.249488
5060000000.000000 8.245526
5065000000.000000 8.241563
5070000000.000000 8.237601
5075000000.000000 8.233638
5080000000.000000 8.229676
5085000000.000000 8.225714
5090000000.000000 8.221751
5095000000.000000 8.217789
5100000000.000000 8.213827
5105000000.000000 8.209864
5110000000.000000 8.205902
5115000000.000000 8.201878
5120000000.000000 8.197489
5125000000.000000 8.193101
5130000000.000000 8.188713
5135000000.000000 8.184324
5140000000.000000 8.179936
5145000000.000000 8.175548
5150000000.000000 8.171159
5155000000.000000 8.166771
5160000000.000000 8.162382
5165000000.000000 8.157994
5170000000.000000 8.153606
5175000000.000000 8.149217
5180000000.000000 8.144829
5185000000.000000 8.140441
5190000000.000000 8.136052
5195000000.000000 8.131664
5200000000.000000 8.127276
5205000000.000000 8.122887
5210000000.000000 8.118499
5215000000.000000 8.114110
5220000000.000000 8.109722
5225000000.000000 8.105334
5230000000.000000 8.100945
5235000000.000000 8.096557
5240000000.000000 8.092169
5245000000.000000 8.087780
5250000000.000000 8.083392
5255000000.000000 8.079004
5260000000.000000 8.074615
5265000000.000000 8.070227
5270000000.000000 8.065838
5275000000.000000 8.061450
5280000000.000000 8.057062
5285000000.000000 8.052673
5290000000.000000 8.048285
5295000000.000000 8.043897
5300000000.000000 8.039508
5305000000.000000 8.035120
5310000000.000000 8.030732
5315000000.000000 8.026343
5320000000.000000 8.021955
5325000000.000000 8.017567
5330000000.000000 8.013178
5335000000.000000 8.008790
5340000000.000000 8.004401
5345000000.000000 8.000013
5350000000.000000 7.995625
5355000000.000000 7.991236
5360000000.000000 7.986848
5365000000.000000 7.982460
5370000000.000000 7.978071
5375000000.000000 7.973683
5380000000.000000 7.969295
5385000000.000000 7.964906
5390000000.000000 7.960518
5395000000.000000 7.956129
5400000000.000000 7.951741
5405000000.000000 7.947353
5410000000.000000 7.942964
5415000000.000000 7.938576
5420000000.000000 7.934188
5425000000.000000 7.929799
5430000000.000000 7.925411
5435000000.000000 7.921023
5440000000.000000 7.916634
5445000000.000000 7.912246
5450000000.000000 7.907857
5455000000.000000 7.903469
5460000000.000000 7.899081
5465000000.000000 7.894692
5470000000.000000 7.890304
5475000000.000000 7.885916
5480000000.000000 7.881527
5485000000.000000 7.877139
5490000000.000000 7.872751
5495000000.000000 7.868362
5500000000.000000 7.863974
5505000000.000000 7.859585
5510000000.000000 7.855197
5515000000.000000 7.850809
5520000000.000000 7.846420
5525000000.000000 7.842032
5530000000.000000 7.837644
5535000000.000000 7.833255
5540000000.000000 7.828867
5545000000.000000 7.824479
5550000000.000000 7.820090
5555000000.000000 7.815702
5560000000.000000 7.811314
5565000000.000000 7.806925
5570000000.000000 7.802537
5575000000.000000 7.798148
5580000000.000000 7.793760
5585000000.000000 7.789372
5590000000.000000 7.784983
5595000000.000000 7.780595
5600000000.000000 7.776207
5605000000.000000 7.771818
5610000000.000000 7.767430
5615000000.000000 7.763042
5620000000.000000 7.758653
5625000000.000000 7.754265
5630000000.000000 7.749876
5635000000.000000 7.745488
5640000000.000000 7.741100
5645000000.000000 7.736711
5650000000.000000 7.732323
5655000000.000000 7.727935
5660000000.000000 7.723546
5665000000.000000 7.719158
5670000000.000000 7.714770
5675000000.000000 7.710381
5680000000.000000 7.705993
5685000000.000000 7.701604
5690000000.000000 7.697216
5695000000.000000 7.692828
5700000000.000000 7.688439
5705000000.000000 7.684051
5710000000.000000 7.679663
5715000000.000000 7.675274
5720000000.000000 7.670886
5725000000.000000 7.666498
5730000000.000000 7.662109
5735000000.000000 7.657721
5740000000.000000 7.653332
5745000000.000000 7.648944
5750000000.000000 7.644556
5755000000.000000 7.640167
5760000000.000000 7.635779
5765000000.000000 7.631391
5770000000.000000 7.627002
5775000000.000000 7.622614
5780000000.000000 7.618226
5785000000.000000 7.613837
5790000000.000000 7.609449
5795000000.000000 7.605061
5800000000.000000 7.600672
5805000000.000000 7.596284
5810000000.000000 7.591895
5815000000.000000 7.587507
5820000000.000000 7.583119
5825000000.000000 7.578730
5830000000.000000 7.574342
5835000000.000000 7.569954
5840000000.000000 7.565565
5845000000.000000 7.561177
5850000000.000000 7.556789
5855000000.000000 7.552400
5860000000.000000 7.548012
5865000000.000000 7.543623
5870000000.000000 7.539235
5875000000.000000 7.534847
5880000000.000000 7.530458
5885000000.000000 7.526070
5890000000.000000 7.521682
5895000000.000000 7.517293
5900000000.000000 7.512905
5905000000.000000 7.508517
5910000000.000000 7.504128
5915000000.000000 7.499740
5920000000.000000 7.495351
5925000000.000000 7.490963
5930000000.000000 7.486575
5935000000.000000 7.482186
5940000000.000000 7.477798
5945000000.000000 7.473410
5950000000.000000 7.469021
5955000000.000000 7.464633
5960000000.000000 7.460245
5965000000.000000 7.455856
5970000000.000000 7.451468
5975000000.000000 7.447079
5980000000.000000 7.442691
5985000000.000000 7.438303
5990000000.000000 7.433914
5995000000.000000 7.429526
6000000000.000000 7.425138
6005000000.000000 7.420749
6010000000.000000 7.416361
6015000000.000000 7.411973
6020000000.000000 7.407584
6025000000.000000 7.403196
6030000000.000000 7.398807
6035000000.000000 7.394419
6040000000.000000 7.390031
6045000000.000000 7.385642
6050000000.000000 7.381254
6055000000.000000 7.376866
6060000000.000000 7.372477
6065000000.000000 7.368089
6070000000.000000 7.363701
6075000000.000000 7.359312
6080000000.000000 7.354924
6085000000.000000 7.350536
6090000000.000000 7.346147
6095000000.000000 7.341759
6100000000.000000 7.337370
6105000000.000000 7.332982
6110000000.000000 7.328674
6115000000.000000 7.324561
6120000000.000000 7.320447
6125000000.000000 7.316334
6130000000.000000 7.312221
6135000000.000000 7.308107
6140000000.000000 7.303994
6145000000.000000 7.299880
6150000000.000000 7.295767
6155000000.000000 7.291653
6160000000.000000 7.287540
6165000000.000000 7.283427
6170000000.000000 7.279313
6175000000.000000 7.275200
6180000000.000000 7.271086
6185000000.000000 7.266973
6190000000.000000 7.262859
6195000000.000000 7.258746
6200000000.000000 7.254633
6205000000.000000 7.250519
6210000000.000000 7.246406
6215000000.000000 7.242292
6220000000.000000 7.238179
6225000000.000000 7.234065
6230000000.000000 7.229952
6235000000.000000 7.225839
6240000000.000000 7.221725
6245000000.000000 7.217612
6250000000.000000 7.213498
6255000000.000000 7.209385
6260000000.000000 7.205271
6265000000.000000 7.201158
6270000000.000000 7.197045
6275000000.000000 7.192931
6280000000.000000 7.188818
6285000000.000000 7.184704
6290000000.000000 7.180591
6295000000.000000 7.176478
6300000000.000000 7.172364
6305000000.000000 7.168251
6310000000.000000 7.164137
6315000000.000000 7.160024
6320000000.000000 7.155910
6325000000.000000 7.151797
6330000000.000000 7.147684
6335000000.000000 7.143570
6340000000.000000 7.139457
6345000000.000000 7.135343
6350000000.000000 7.131230
6355000000.000000 7.127116
6360000000.000000 7.123003
6365000000.000000 7.118890
6370000000.000000 7.114776
6375000000.000000 7.110663
6380000000.000000 7.106549
6385000000.000000 7.102436
6390000000.000000 7.098322
6395000000.000000 7.094209
6400000000.000000 7.090096
6405000000.000000 7.085982
6410000000.000000 7.081869
6415000000.000000 7.077755
6420000000.000000 7.073642
6425000000.000000 7.069528
6430000000.000000 7.065415
6435000000.000000 7.061302
6440000000.000000 7.057188
6445000000.000000 7.053075
6450000000.000000 7.048961
6455000000.000000 7.044848
6460000000.000000 7.040735
6465000000.000000 7.036621
6470000000.000000 7.032508
6475000000.000000 7.028394
6480000000.000000 7.024281
6485000000.000000 7.020167
6490000000.000000 7.016054
6495000000.000000 7.011941
6500000000.000000 7.007827
6505000000.000000 7.003714
6510000000.000000 6.999600
6515000000.000000 6.995487
6520000000.000000 6.991373
6525000000.000000 6.987260
6530000000.000000 6.983147
6535000000.000000 6.979033
6540000000.000000 6.974920
6545000000.000000 6.970806
6550000000.000000 6.966693
6555000000.000000 6.962579
6560000000.000000 6.958466
6565000000.000000 6.954353
6570000000.000000 6.950239
6575000000.000000 6.946126
6580000000.000000 6.942012
6585000000.000000 6.937899
6590000000.000000 6.933786
6595000000.000000 6.929672
6600000000.000000 6.925559
6605000000.000000 6.921445
6610000000.000000 6.917332
6615000000.000000 6.913218
6620000000.000000 6.909105
6625000000.000000 6.904992
6630000000.000000 6.900878
6635000000.000000 6.896765
6640000000.000000 6.892651
6645000000.000000 6.888538
6650000000.000000 6.884424
6655000000.000000 6.880311
6660000000.000000 6.876198
6665000000.000000 6.872084
6670000000.000000 6.867971
6675000000.000000 6.863857
6680000000.000000 6.859744
6685000000.000000 6.855630
6690000000.000000 6.851517
6695000000.000000 6.847404
6700000000.000000 6.843290
6705000000.000000 6.839177
6710000000.000000 6.835063
6715000000.000000 6.830950
6720000000.000000 6.826836
6725000000.000000 6.822723
6730000000.000000 6.818610
6735000000.000000 6.814496
6740000000.000000 6.810383
6745000000.000000 6.806269
6750000000.000000 6.802156
6755000000.000000 6.798043
6760000000.000000 6.793929
6765000000.000000 6.789816
6770000000.000000 6.785702
6775000000.000000 6.781589
6780000000.000000 6.777475
6785000000.000000 6.773362
6790000000.000000 6.769249
6795000000.000000 6.765135
6800000000.000000 6.761022
6805000000.000000 6.756908
6810000000.000000 6.752795
6815000000.000000 6.748681
6820000000.000000 6.744568
6825000000.000000 6.740455
6830000000.000000 6.736341
6835000000.000000 6.732228
6840000000.000000 6.728114
6845000000.000000 6.724001
6850000000.000000 6.719887
6855000000.000000 6.715774
6860000000.000000 6.711661
6865000000.000000 6.707547
6870000000.000000 6.703434
6875000000.000000 6.699320
6880000000.000000 6.695207
6885000000.000000 6.691093
6890000000.000000 6.686980
6895000000.000000 6.682867
6900000000.000000 6.678753
6905000000.000000 6.674640
6910000000.000000 6.670526
6915000000.000000 6.666413
6920000000.000000 6.662300
6925000000.000000 6.658186
6930000000.000000 6.654073
6935000000.000000 6.649959
6940000000.000000 6.645846
6945000000.000000 6.641732
6950000000.000000 6.637619
6955000000.000000 6.633506
6960000000.000000 6.629392
6965000000.000000 6.625279
6970000000.000000 6.621165
6975000000.000000 6.617052
6980000000.000000 6.612938
6985000000.000000 6.608825
6990000000.000000 6.604712
6995000000.000000 6.600598
7000000000.000000 6.596485
7005000000.000000 6.592371
7010000000.000000 6.588258
7015000000.000000 6.584144
7020000000.000000 6.580031
7025000000.000000 6.575918
7030000000.000000 6.571804
7035000000.000000 6.567691
7040000000.000000 6.563577
7045000000.000000 6.559464
7050000000.000000 6.555351
7055000000.000000 6.551237
7060000000.000000 6.547124
7065000000.000000 6.543010
7070000000.000000 6.538897
7075000000.000000 6.534783
7080000000.000000 6.530670
7085000000.000000 6.526557
7090000000.000000 6.522443
7095000000.000000 6.518330
7100000000.000000 6.514216
7105000000.000000 6.510690
7110000000.000000 6.507912
7115000000.000000 6.505133
7120000000.000000 6.502354
7125000000.000000 6.499575
7130000000.000000 6.496796
7135000000.000000 6.494017
7140000000.000000 6.491238
7145000000.000000 6.488460
7150000000.000000 6.485681
7155000000.000000 6.482902
7160000000.000000 6.480123
7165000000.000000 6.477344
7170000000.000000 6.474565
7175000000.000000 6.471786
7180000000.000000 6.469008
7185000000.000000 6.466229
7190000000.000000 6.463450
7195000000.000000 6.460671
7200000000.000000 6.457892
7205000000.000000 6.455113
7210000000.000000 6.452335
7215000000.000000 6.449556
7220000000.000000 6.446777
7225000000.000000 6.443998
7230000000.000000 6.441219
7235000000.000000 6.438440
7240000000.000000 6.435661
7245000000.000000 6.432883
7250000000.000000 6.430104
7255000000.000000 6.427325
7260000000.000000 6.424546
7265000000.000000 6.421767
7270000000.000000 6.418988
7275000000.000000 6.416209
7280000000.000000 6.413431
7285000000.000000 6.410652
7290000000.000000 6.407873
7295000000.000000 6.405094
7300000000.000000 6.402315
7305000000.000000 6.399536
7310000000.000000 6.396757
7315000000.000000 6.393979
7320000000.000000 6.391200
7325000000.000000 6.388421
7330000000.000000 6.385642
7335000000.000000 6.382863
7340000000.000000 6.380084
7345000000.000000 6.377305
7350000000.000000 6.374527
7355000000.000000 6.371748
7360000000.000000 6.368969
7365000000.000000 6.366190
7370000000.000000 6.363411
7375000000.000000 6.360632
7380000000.000000 6.357853
7385000000.000000 6.355075
7390000000.000000 6.352296
7395000000.000000 6.349517
7400000000.000000 6.346738
7405000000.000000 6.343959
7410000000.000000 6.341180
7415000000.000000 6.338402
7420000000.000000 6.335623
7425000000.000000 6.332844
7430000000.000000 6.330065
7435000000.000000 6.327286
7440000000.000000 6.324507
7445000000.000000 6.321728
7450000000.000000 6.318950
7455000000.000000 6.316171
7460000000.000000 6.313392
7465000000.000000 6.310613
7470000000.000000 6.307834
7475000000.000000 6.305055
7480000000.000000 6.302276
7485000000.000000 6.299498
7490000000.000000 6.296719
7495000000.000000 6.293940
7500000000.000000 6.291161
7505000000.000000 6.288382
7510000000.000000 6.285603
7515000000.000000 6.282824
7520000000.000000 6.280046
7525000000.000000 6.277267
7530000000.000000 6.274488
7535000000.000000 6.271709
7540000000.000000 6.268930
7545000000.000000 6.266151
7550000000.000000 6.263372
7555000000.000000 6.260594
7560000000.000000 6.257815
7565000000.000000 6.255036
7570000000.000000 6.252257
7575000000.000000 6.249478
7580000000.000000 6.246699
7585000000.000000 6.243920
7590000000.000000 6.241142
7595000000.000000 6.238363
7600000000.000000 6.235584
7605000000.000000 6.232805
7610000000.000000 6.230026
7615000000.000000 6.227247
7620000000.000000 6.224468
7625000000.000000 6.221690
7630000000.000000 6.218911
7635000000.000000 6.216132
7640000000.000000 6.213353
7645000000.000000 6.210574
7650000000.000000 6.207795
7655000000.000000 6.205017
7660000000.000000 6.202238
7665000000.000000 6.199459
7670000000.000000 6.196680
7675000000.000000 6.193901
7680000000.000000 6.191122
7685000000.000000 6.188343
7690000000.000000 6.185565
7695000000.000000 6.182786
7700000000.000000 6.180007
7705000000.000000 6.177228
7710000000.000000 6.174449
7715000000.000000 6.171670
7720000000.000000 6.168891
7725000000.000000 6.166113
7730000000.000000 6.163334
7735000000.000000 6.160555
7740000000.000000 6.157776
7745000000.000000 6.154997
7750000000.000000 6.152218
7755000000.000000 6.149439
7760000000.000000 6.146661
7765000000.000000 6.143882
7770000000.000000 6.141103
7775000000.000000 6.138324
7780000000.000000 6.135545
7785000000.000000 6.132766
7790000000.000000 6.129987
7795000000.000000 6.127209
7800000000.000000 6.124430
7805000000.000000 6.121651
7810000000.000000 6.118872
7815000000.000000 6.116093
7820000000.000000 6.113314
7825000000.000000 6.110535
7830000000.000000 6.107757
7835000000.000000 6.104978
7840000000.000000 6.102199
7845000000.000000 6.099420
7850000000.000000 6.096641
7855000000.000000 6.093862
7860000000.000000 6.091084
7865000000.000000 6.088305
7870000000.000000 6.085526
7875000000.000000 6.082747
7880000000.000000 6.079968
7885000000.000000 6.077189
7890000000.000000 6.074410
7895000000.000000 6.071632
7900000000.000000 6.068853
7905000000.000000 6.066074
7910000000.000000 6.063295
7915000000.000000 6.060516
7920000000.000000 6.057737
7925000000.000000 6.054958
7930000000.000000 6.052180
7935000000.000000 6.049401
7940000000.000000 6.046622
7945000000.000000 6.043843
7950000000.000000 6.041064
7955000000.000000 6.038285
7960000000.000000 6.035506
7965000000.000000 6.032728
7970000000.000000 6.029949
7975000000.000000 6.027170
7980000000.000000 6.024391
7985000000.000000 6.021612
7990000000.000000 6.018833
7995000000.000000 6.016054
8000000000.000000 6.013276
8005000000.000000 6.010497
8010000000.000000 6.007718
8015000000.000000 6.004939
8020000000.000000 6.002160
8025000000.000000 5.999381
8030000000.000000 5.996602
8035000000.000000 5.993824
8040000000.000000 5.991045
8045000000.000000 5.988266
8050000000.000000 5.985487
8055000000.000000 5.982708
8060000000.000000 5.979929
8065000000.000000 5.977150
8070000000.000000 5.974372
8075000000.000000 5.971593
8080000000.000000 5.968814
8085000000.000000 5.966035
8090000000.000000 5.963256
8095000000.000000 5.960477
8100000000.000000 5.957699
8105000000.000000 5.954920
8110000000.000000 5.952141
8115000000.000000 5.949362
8120000000.000000 5.946583
8125000000.000000 5.943804
8130000000.000000 5.941025
8135000000.000000 5.938247
8140000000.000000 5.935468
8145000000.000000 5.932689
8150000000.000000 5.929910
8155000000.000000 5.927131
8160000000.000000 5.924352
8165000000.000000 5.921573
8170000000.000000 5.918795
8175000000.000000 5.916016
8180000000.000000 5.913237
8185000000.000000 5.910458
8190000000.000000 5.907679
8195000000.000000 5.904900
8200000000.000000 5.902121
8205000000.000000 5.899343
8210000000.000000 5.896564
8215000000.000000 5.893785
8220000000.000000 5.891006
8225000000.000000 5.888227
8230000000.000000 5.885448
8235000000.000000 5.882669
8240000000.000000 5.879891
8245000000.000000 5.877112
8250000000.000000 5.874333
8255000000.000000 5.871554
8260000000.000000 5.868775
8265000000.000000 5.865996
8270000000.000000 5.863217
8275000000.000000 5.860439
8280000000.000000 5.857660
8285000000.000000 5.854881
8290000000.000000 5.852102
8295000000.000000 5.849323
8300000000.000000 5.846544
8305000000.000000 5.843766
8310000000.000000 5.840987
8315000000.000000 5.838208
8320000000.000000 5.835429
8325000000.000000 5.832650
8330000000.000000 5.829871
8335000000.000000 5.827092
8340000000.000000 5.824314
8345000000.000000 5.821535
8350000000.000000 5.818756
8355000000.000000 5.815977
8360000000.000000 5.813198
8365000000.000000 5.810419
8370000000.000000 5.807640
8375000000.000000 5.804862
8380000000.000000 5.802083
8385000000.000000 5.799304
8390000000.000000 5.796525
8395000000.000000 5.793746
8400000000.000000 5.790967
8405000000.000000 5.788188
8410000000.000000 5.785410
8415000000.000000 5.782631
8420000000.000000 5.779852
8425000000.000000 5.777073
8430000000.000000 5.774294
8435000000.000000 5.771515
8440000000.000000 5.768736
8445000000.000000 5.765958
8450000000.000000 5.763179
8455000000.000000 5.760400
8460000000.000000 5.757621
8465000000.000000 5.754842
8470000000.000000 5.752063
8475000000.000000 5.749284
8480000000.000000 5.746506
8485000000.000000 5.743771
8490000000.000000 5.741154
8495000000.000000 5.738537
8500000000.000000 5.735921
8505000000.000000 5.733304
8510000000.000000 5.730688
8515000000.000000 5.728071
8520000000.000000 5.725454
8525000000.000000 5.722838
8530000000.000000 5.720221
8535000000.000000 5.717605
8540000000.000000 5.714988
8545000000.000000 5.712371
8550000000.000000 5.709755
8555000000.000000 5.707138
8560000000.000000 5.704522
8565000000.000000 5.701905
8570000000.000000 5.699288
8575000000.000000 5.696672
8580000000.000000 5.694055
8585000000.000000 5.691439
8590000000.000000 5.688822
8595000000.000000 5.686205
8600000000.000000 5.683589
8605000000.000000 5.680972
8610000000.000000 5.678356
8615000000.000000 5.675739
8620000000.000000 5.673122
8625000000.000000 5.670506
8630000000.000000 5.667889
8635000000.000000 5.665273
8640000000.000000 5.662656
8645000000.000000 5.660039
8650000000.000000 5.657423
8655000000.000000 5.654806
8660000000.000000 5.652190
8665000000.000000 5.649573
8670000000.000000 5.646956
8675000000.000000 5.644340
8680000000.000000 5.641723
8685000000.000000 5.639107
8690000000.000000 5.636490
8695000000.000000 5.633873
8700000000.000000 5.631257
8705000000.000000 5.628640
8710000000.000000 5.626024
8715000000.000000 5.623407
8720000000.000000 5.620790
8725000000.000000 5.618174
8730000000.000000 5.615557
8735000000.000000 5.612941
8740000000.000000 5.610324
8745000000.000000 5.607707
8750000000.000000 5.605091
8755000000.000000 5.602474
8760000000.000000 5.599858
8765000000.000000 5.597241
8770000000.000000 5.594624
8775000000.000000 5.592008
8780000000.000000 5.589391
8785000000.000000 5.586775
8790000000.000000 5.584158
8795000000.000000 5.581541
8800000000.000000 5.578925
8805000000.000000 5.576308
8810000000.000000 5.573692
8815000000.000000 5.571075
8820000000.000000 5.568458
8825000000.000000 5.565842
8830000000.000000 5.563225
8835000000.000000 5.560609
8840000000.000000 5.557992
8845000000.000000 5.555375
8850000000.000000 5.552759
8855000000.000000 5.550142
8860000000.000000 5.547526
8865000000.000000 5.544909
8870000000.000000 5.542292
8875000000.000000 5.539676
8880000000.000000 5.537059
8885000000.000000 5.534443
8890000000.000000 5.531826
8895000000.000000 5.529209
8900000000.000000 5.526593
8905000000.000000 5.523976
8910000000.000000 5.521360
8915000000.000000 5.518743
8920000000.000000 5.516126
8925000000.000000 5.513510
8930000000.000000 5.510893
8935000000.000000 5.508277
8940000000.000000 5.505660
8945000000.000000 5.503043
8950000000.000000 5.500427
8955000000.000000 5.497810
8960000000.000000 5.495193
8965000000.000000 5.492577
8970000000.000000 5.489960
8975000000.000000 5.487344
8980000000.000000 5.484727
8985000000.000000 5.482110
8990000000.000000 5.479494
8995000000.000000 5.476877
9000000000.000000 5.474261
9005000000.000000 5.471644
9010000000.000000 5.469027
9015000000.000000 5.466411
9020000000.000000 5.463794
9025000000.000000 5.461178
9030000000.000000 5.458561
9035000000.000000 5.455944
9040000000.000000 5.453328
9045000000.000000 5.450711
9050000000.000000 5.448095
9055000000.000000 5.445478
9060000000.000000 5.442861
9065000000.000000 5.440245
9070000000.000000 5.437628
9075000000.000000 5.435012
9080000000.000000 5.432395
9085000000.000000 5.429778
9090000000.000000 5.427162
9095000000.000000 5.424545
9100000000.000000 5.421929
9105000000.000000 5.419312
9110000000.000000 5.416695
9115000000.000000 5.414079
9120000000.000000 5.411462
9125000000.000000 5.408846
9130000000.000000 5.406229
9135000000.000000 5.403612
9140000000.000000 5.400996
9145000000.000000 5.398379
9150000000.000000 5.395763
9155000000.000000 5.393146
9160000000.000000 5.390529
9165000000.000000 5.387913
9170000000.000000 5.385296
9175000000.000000 5.382680
9180000000.000000 5.380063
9185000000.000000 5.377446
9190000000.000000 5.374830
9195000000.000000 5.372213
9200000000.000000 5.369597
9205000000.000000 5.366980
9210000000.000000 5.364363
9215000000.000000 5.361747
9220000000.000000 5.359130
9225000000.000000 5.356514
9230000000.000000 5.353897
9235000000.000000 5.351280
9240000000.000000 5.348664
9245000000.000000 5.346047
9250000000.000000 5.343431
9255000000.000000 5.340814
9260000000.000000 5.338197
9265000000.000000 5.335581
9270000000.000000 5.332964
9275000000.000000 5.330348
9280000000.000000 5.327731
9285000000.000000 5.325114
9290000000.000000 5.322498
9295000000.000000 5.319881
9300000000.000000 5.317265
9305000000.000000 5.314648
9310000000.000000 5.312031
9315000000.000000 5.309415
9320000000.000000 5.306798
9325000000.000000 5.304182
9330000000.000000 5.301565
9335000000.000000 5.298948
9340000000.000000 5.296332
9345000000.000000 5.293715
9350000000.000000 5.291099
9355000000.000000 5.288482
9360000000.000000 5.285865
9365000000.000000 5.283249
9370000000.000000 5.280632
9375000000.000000 5.278016
9380000000.000000 5.275399
9385000000.000000 5.272782
9390000000.000000 5.270166
9395000000.000000 5.267549
9400000000.000000 5.264933
9405000000.000000 5.262316
9410000000.000000 5.259699
9415000000.000000 5.257083
9420000000.000000 5.254466
9425000000.000000 5.251850
9430000000.000000 5.249233
9435000000.000000 5.246616
9440000000.000000 5.244000
9445000000.000000 5.241383
9450000000.000000 5.238767
9455000000.000000 5.236150
9460000000.000000 5.233533
9465000000.000000 5.230917
9470000000.000000 5.228300
9475000000.000000 5.225684
9480000000.000000 5.223067
9485000000.000000 5.220450
9490000000.000000 5.217834
9495000000.000000 5.215217
9500000000.000000 5.212601
9505000000.000000 5.209984
9510000000.000000 5.207367
9515000000.000000 5.204751
9520000000.000000 5.202134
9525000000.000000 5.199518
9530000000.000000 5.196901
9535000000.000000 5.194284
9540000000.000000 5.191668
9545000000.000000 5.189051
9550000000.000000 5.186435
9555000000.000000 5.183818
9560000000.000000 5.181201
9565000000.000000 5.178585
9570000000.000000 5.175968
9575000000.000000 5.173352
9580000000.000000 5.170735
9585000000.000000 5.168118
9590000000.000000 5.165502
9595000000.000000 5.162885
9600000000.000000 5.160269
9605000000.000000 5.157652
9610000000.000000 5.155035
9615000000.000000 5.152419
9620000000.000000 5.149802
9625000000.000000 5.147186
9630000000.000000 5.144569
9635000000.000000 5.141952
9640000000.000000 5.139336
9645000000.000000 5.136719
9650000000.000000 5.134103
9655000000.000000 5.131486
9660000000.000000 5.128869
9665000000.000000 5.126253
9670000000.000000 5.123636
9675000000.000000 5.121020
9680000000.000000 5.118403
9685000000.000000 5.115786
9690000000.000000 5.113170
9695000000.000000 5.110553
9700000000.000000 5.107937
9705000000.000000 5.105320
9710000000.000000 5.102703
9715000000.000000 5.100087
9720000000.000000 5.097470
9725000000.000000 5.094853
9730000000.000000 5.092237
9735000000.000000 5.089620
9740000000.000000 5.087004
9745000000.000000 5.084387
9750000000.000000 5.081770
9755000000.000000 5.079154
9760000000.000000 5.076537
9765000000.000000 5.073921
9770000000.000000 5.071304
9775000000.000000 5.068687
9780000000.000000 5.066071
9785000000.000000 5.063454
9790000000.000000 5.060838
9795000000.000000 5.058221
9800000000.000000 5.055604
9805000000.000000 5.052988
9810000000.000000 5.050371
9815000000.000000 5.047755
9820000000.000000 5.045138
9825000000.000000 5.042521
9830000000.000000 5.039905
9835000000.000000 5.037288
9840000000.000000 5.034672
9845000000.000000 5.032055
9850000000.000000 5.029438
9855000000.000000 5.026822
9860000000.000000 5.024205
9865000000.000000 5.021549
9870000000.000000 5.018532
9875000000.000000 5.015515
9880000000.000000 5.012498
9885000000.000000 5.009481
9890000000.000000 5.006464
9895000000.000000 5.003447
9900000000.000000 5.000430
9905000000.000000 4.997413
9910000000.000000 4.994397
9915000000.000000 4.991380
9920000000.000000 4.988363
9925000000.000000 4.985346
9930000000.000000 4.982329
9935000000.000000 4.979312
9940000000.000000 4.976295
9945000000.000000 4.973278
9950000000.000000 4.970261
9955000000.000000 4.967245
9960000000.000000 4.964228
9965000000.000000 4.961211
9970000000.000000 4.958194
9975000000.000000 4.955177
9980000000.000000 4.952160
9985000000.000000 4.949143
9990000000.000000 4.946126
9995000000.000000 4.943109
10000000000.000000 4.940093
10005000000.000000 4.937076
10010000000.000000 4.934059
10015000000.000000 4.931042
10020000000.000000 4.928025
10025000000.000000 4.925008
10030000000.000000 4.921991
10035000000.000000 4.918974
10040000000.000000 4.915957
10045000000.000000 4.912941
10050000000.000000 4.909924
10055000000.000000 4.906907
10060000000.000000 4.903890
10065000000.000000 4.900873
10070000000.000000 4.897856
10075000000.000000 4.894839
10080000000.000000 4.891822
10085000000.000000 4.888805
10090000000.000000 4.885789
10095000000.000000 4.882772
10100000000.000000 4.879755
10105000000.000000 4.876738
10110000000.000000 4.873721
10115000000.000000 4.870704
10120000000.000000 4.867687
10125000000.000000 4.864670
10130000000.000000 4.861653
10135000000.000000 4.858636
10140000000.000000 4.855620
10145000000.000000 4.852603
10150000000.000000 4.849586
10155000000.000000 4.846569
10160000000.000000 4.843552
10165000000.000000 4.840535
10170000000.000000 4.837518
10175000000.000000 4.834501
10180000000.000000 4.831484
10185000000.000000 4.828468
10190000000.000000 4.825451
10195000000.000000 4.822434
10200000000.000000 4.819417
10205000000.000000 4.816400
10210000000.000000 4.813383
10215000000.000000 4.810366
10220000000.000000 4.807349
10225000000.000000 4.804332
10230000000.000000 4.801316
10235000000.000000 4.798299
10240000000.000000 4.795282
10245000000.000000 4.792265
10250000000.000000 4.789248
10255000000.000000 4.786231
10260000000.000000 4.783214
10265000000.000000 4.780197
10270000000.000000 4.777180
10275000000.000000 4.774164
10280000000.000000 4.771147
10285000000.000000 4.768130
10290000000.000000 4.765113
10295000000.000000 4.762096
10300000000.000000 4.759079
10305000000.000000 4.756062
10310000000.000000 4.753045
10315000000.000000 4.750028
10320000000.000000 4.747012
10325000000.000000 4.743995
10330000000.000000 4.740978
10335000000.000000 4.737961
10340000000.000000 4.734944
10345000000.000000 4.731927
10350000000.000000 4.728910
10355000000.000000 4.725893
10360000000.000000 4.722876
10365000000.000000 4.719860
10370000000.000000 4.716843
10375000000.000000 4.713826
10380000000.000000 4.710809
10385000000.000000 4.707792
10390000000.000000 4.704775
10395000000.000000 4.701758
10400000000.000000 4.698741
10405000000.000000 4.695724
10410000000.000000 4.692708
10415000000.000000 4.689691
10420000000.000000 4.686674
10425000000.000000 4.683657
10430000000.000000 4.680640
10435000000.000000 4.677623
10440000000.000000 4.674606
10445000000.000000 4.671589
10450000000.000000 4.668572
10455000000.000000 4.665556
10460000000.000000 4.662539
10465000000.000000 4.659522
10470000000.000000 4.656505
10475000000.000000 4.653488
10480000000.000000 4.650471
10485000000.000000 4.647454
10490000000.000000 4.644437
10495000000.000000 4.641420
10500000000.000000 4.638404
10505000000.000000 4.635387
10510000000.000000 4.632370
10515000000.000000 4.629353
10520000000.000000 4.626336
10525000000.000000 4.623319
10530000000.000000 4.620302
10535000000.000000 4.617285
10540000000.000000 4.614268
10545000000.000000 4.611252
10550000000.000000 4.608235
10555000000.000000 4.605218
10560000000.000000 4.602201
10565000000.000000 4.599184
10570000000.000000 4.596167
10575000000.000000 4.593150
10580000000.000000 4.590133
10585000000.000000 4.587116
10590000000.000000 4.584100
10595000000.000000 4.581083
10600000000.000000 4.578066
10605000000.000000 4.575049
10610000000.000000 4.572032
10615000000.000000 4.569015
10620000000.000000 4.565998
10625000000.000000 4.562981
10630000000.000000 4.559964
10635000000.000000 4.556948
10640000000.000000 4.553931
10645000000.000000 4.550914
10650000000.000000 4.547897
10655000000.000000 4.544880
10660000000.000000 4.541863
10665000000.000000 4.538846
10670000000.000000 4.535829
10675000000.000000 4.532812
10680000000.000000 4.529796
10685000000.000000 4.526779
10690000000.000000 4.523762
10695000000.000000 4.520745
10700000000.000000 4.517728
10705000000.000000 4.514711
10710000000.000000 4.511694
10715000000.000000 4.508677
10720000000.000000 4.505660
10725000000.000000 4.502643
10730000000.000000 4.499627
10735000000.000000 4.496610
10740000000.000000 4.493593
10745000000.000000 4.490576
10750000000.000000 4.487559
10755000000.000000 4.484542
10760000000.000000 4.481525
10765000000.000000 4.478508
10770000000.000000 4.475491
10775000000.000000 4.472475
10780000000.000000 4.469458
10785000000.000000 4.466441
10790000000.000000 4.463424
10795000000.000000 4.460407
10800000000.000000 4.457390
10805000000.000000 4.454373
10810000000.000000 4.451356
10815000000.000000 4.448339
10820000000.000000 4.445323
10825000000.000000 4.442306
10830000000.000000 4.439289
10835000000.000000 4.436272
10840000000.000000 4.433255
10845000000.000000 4.430238
10850000000.000000 4.427221
10855000000.000000 4.424204
10860000000.000000 4.421187
10865000000.000000 4.418171
10870000000.000000 4.415154
10875000000.000000 4.412137
10880000000.000000 4.409120
10885000000.000000 4.406103
10890000000.000000 4.403086
10895000000.000000 4.400069
10900000000.000000 4.397052
10905000000.000000 4.394035
10910000000.000000 4.391019
10915000000.000000 4.388002
10920000000.000000 4.384985
10925000000.000000 4.381968
10930000000.000000 4.378951
10935000000.000000 4.375934
10940000000.000000 4.372917
10945000000.000000 4.369900
10950000000.000000 4.366883
10955000000.000000 4.363867
10960000000.000000 4.360850
10965000000.000000 4.357833
10970000000.000000 4.354816
10975000000.000000 4.351799
10980000000.000000 4.348782
10985000000.000000 4.345765
10990000000.000000 4.342748
10995000000.000000 4.339731
11000000000.000000 4.336715
11005000000.000000 4.333698
11010000000.000000 4.330681
11015000000.000000 4.327664
11020000000.000000 4.324647
11025000000.000000 4.321630
11030000000.000000 4.318613
11035000000.000000 4.315596
11040000000.000000 4.312579
11045000000.000000 4.309563
11050000000.000000 4.306546
11055000000.000000 4.303529
11060000000.000000 4.300512
11065000000.000000 4.297495
11070000000.000000 4.294478
11075000000.000000 4.291461
11080000000.000000 4.288444
11085000000.000000 4.285427
11090000000.000000 4.282411
11095000000.000000 4.279394
11100000000.000000 4.276377
11105000000.000000 4.273360
11110000000.000000 4.270343
11115000000.000000 4.267326
11120000000.000000 4.264309
11125000000.000000 4.261292
11130000000.000000 4.258275
11135000000.000000 4.255259
11140000000.000000 4.252242
11145000000.000000 4.249797
11150000000.000000 4.248209
11155000000.000000 4.246622
11160000000.000000 4.245035
11165000000.000000 4.243447
11170000000.000000 4.241860
11175000000.000000 4.240273
11180000000.000000 4.238685
11185000000.000000 4.237098
11190000000.000000 4.235511
11195000000.000000 4.233923
11200000000.000000 4.232336
11205000000.000000 4.230749
11210000000.000000 4.229161
11215000000.000000 4.227574
11220000000.000000 4.225987
11225000000.000000 4.224399
11230000000.000000 4.222812
11235000000.000000 4.221224
11240000000.000000 4.219637
11245000000.000000 4.218050
11250000000.000000 4.216462
11255000000.000000 4.214875
11260000000.000000 4.213288
11265000000.000000 4.211700
11270000000.000000 4.210113
11275000000.000000 4.208526
11280000000.000000 4.206938
11285000000.000000 4.205351
11290000000.000000 4.203764
11295000000.000000 4.202176
11300000000.000000 4.200589
11305000000.000000 4.199002
11310000000.000000 4.197414
11315000000.000000 4.195827
11320000000.000000 4.194239
11325000000.000000 4.192652
11330000000.000000 4.191065
11335000000.000000 4.189477
11340000000.000000 4.187890
11345000000.000000 4.186303
11350000000.000000 4.184715
11355000000.000000 4.183128
11360000000.000000 4.181541
11365000000.000000 4.179953
11370000000.000000 4.178366
11375000000.000000 4.176779
11380000000.000000 4.175191
11385000000.000000 4.173604
11390000000.000000 4.172017
11395000000.000000 4.170429
11400000000.000000 4.168842
11405000000.000000 4.167255
11410000000.000000 4.165667
11415000000.000000 4.164080
11420000000.000000 4.162492
11425000000.000000 4.160905
11430000000.000000 4.159318
11435000000.000000 4.157730
11440000000.000000 4.156143
11445000000.000000 4.154556
11450000000.000000 4.152968
11455000000.000000 4.151381
11460000000.000000 4.149794
11465000000.000000 4.148206
11470000000.000000 4.146619
11475000000.000000 4.145032
11480000000.000000 4.143444
11485000000.000000 4.141857
11490000000.000000 4.140270
11495000000.000000 4.138682
11500000000.000000 4.137095
11505000000.000000 4.135507
11510000000.000000 4.133920
11515000000.000000 4.132333
11520000000.000000 4.130745
11525000000.000000 4.129158
11530000000.000000 4.127571
11535000000.000000 4.125983
11540000000.000000 4.124396
11545000000.000000 4.122809
11550000000.000000 4.121221
11555000000.000000 4.119634
11560000000.000000 4.118047
11565000000.000000 4.116459
11570000000.000000 4.114872
11575000000.000000 4.113285
11580000000.000000 4.111697
11585000000.000000 4.110110
11590000000.000000 4.108523
11595000000.000000 4.106935
11600000000.000000 4.105348
11605000000.000000 4.103760
11610000000.000000 4.102173
11615000000.000000 4.100586
11620000000.000000 4.098998
11625000000.000000 4.097411
11630000000.000000 4.095824
11635000000.000000 4.094236
11640000000.000000 4.092649
11645000000.000000 4.091062
11650000000.000000 4.089474
11655000000.000000 4.087887
11660000000.000000 4.086300
11665000000.000000 4.084712
11670000000.000000 4.083125
11675000000.000000 4.081538
11680000000.000000 4.079950
11685000000.000000 4.078363
11690000000.000000 4.076775
11695000000.000000 4.075188
11700000000.000000 4.073601
11705000000.000000 4.072013
11710000000.000000 4.070426
11715000000.000000 4.068839
11720000000.000000 4.067251
11725000000.000000 4.065664
11730000000.000000 4.064077
11735000000.000000 4.062489
11740000000.000000 4.060902
11745000000.000000 4.059315
11750000000.000000 4.057727
11755000000.000000 4.056140
11760000000.000000 4.054553
11765000000.000000 4.052965
11770000000.000000 4.051378
11775000000.000000 4.049791
11780000000.000000 4.048203
11785000000.000000 4.046616
11790000000.000000 4.045028
11795000000.000000 4.043441
11800000000.000000 4.041854
11805000000.000000 4.040266
11810000000.000000 4.038679
11815000000.000000 4.037092
11820000000.000000 4.035504
11825000000.000000 4.033917
11830000000.000000 4.032330
11835000000.000000 4.030742
11840000000.000000 4.029155
11845000000.000000 4.027568
11850000000.000000 4.025980
11855000000.000000 4.024393
11860000000.000000 4.022806
11865000000.000000 4.021218
11870000000.000000 4.019631
11875000000.000000 4.018043
11880000000.000000 4.016456
11885000000.000000 4.014869
11890000000.000000 4.013281
11895000000.000000 4.011694
11900000000.000000 4.010107
11905000000.000000 4.008519
11910000000.000000 4.006932
11915000000.000000 4.005345
11920000000.000000 4.003757
11925000000.000000 4.002170
11930000000.000000 4.000583
11935000000.000000 3.998995
11940000000.000000 3.997408
11945000000.000000 3.995821
11950000000.000000 3.994233
11955000000.000000 3.992646
11960000000.000000 3.991059
11965000000.000000 3.989471
11970000000.000000 3.987884
11975000000.000000 3.986296
11980000000.000000 3.984709
11985000000.000000 3.983122
11990000000.000000 3.981534
11995000000.000000 3.979947
12000000000.000000 3.978360
12005000000.000000 3.976772
12010000000.000000 3.975185
12015000000.000000 3.973598
12020000000.000000 3.972010
12025000000.000000 3.970423
12030000000.000000 3.968836
12035000000.000000 3.967248
12040000000.000000 3.965661
12045000000.000000 3.964074
12050000000.000000 3.962486
12055000000.000000 3.960899
12060000000.000000 3.959312
12065000000.000000 3.957724
12070000000.000000 3.956137
12075000000.000000 3.954549
12080000000.000000 3.952962
12085000000.000000 3.951375
12090000000.000000 3.949787
12095000000.000000 3.948200
12100000000.000000 3.946613
12105000000.000000 3.945025
12110000000.000000 3.943438
12115000000.000000 3.941851
12120000000.000000 3.940263
12125000000.000000 3.938676
12130000000.000000 3.937089
12135000000.000000 3.935501
12140000000.000000 3.933914
12145000000.000000 3.932327
12150000000.000000 3.930739
12155000000.000000 3.929152
12160000000.000000 3.927564
12165000000.000000 3.925977
12170000000.000000 3.924390
12175000000.000000 3.922802
12180000000.000000 3.921215
12185000000.000000 3.919628
12190000000.000000 3.918040
12195000000.000000 3.916453
12200000000.000000 3.914866
12205000000.000000 3.913278
12210000000.000000 3.911691
12215000000.000000 3.910104
12220000000.000000 3.908516
12225000000.000000 3.906929
12230000000.000000 3.905342
12235000000.000000 3.903754
12240000000.000000 3.902167
12245000000.000000 3.900580
12250000000.000000 3.898992
12255000000.000000 3.897405
12260000000.000000 3.895817
12265000000.000000 3.894230
12270000000.000000 3.892643
12275000000.000000 3.891055
12280000000.000000 3.889468
12285000000.000000 3.887881
12290000000.000000 3.886293
12295000000.000000 3.884706
12300000000.000000 3.883119
12305000000.000000 3.881531
12310000000.000000 3.879944
12315000000.000000 3.878357
12320000000.000000 3.876769
12325000000.000000 3.875182
12330000000.000000 3.873595
12335000000.000000 3.872007
12340000000.000000 3.870420
12345000000.000000 3.868832
12350000000.000000 3.867245
12355000000.000000 3.865658
12360000000.000000 3.864070
12365000000.000000 3.862483
12370000000.000000 3.860896
12375000000.000000 3.859308
12380000000.000000 3.857721
12385000000.000000 3.856134
12390000000.000000 3.854546
12395000000.000000 3.852959
12400000000.000000 3.851372
12405000000.000000 3.849784
12410000000.000000 3.848197
12415000000.000000 3.846610
12420000000.000000 3.845022
12425000000.000000 3.843435
12430000000.000000 3.841848
12435000000.000000 3.840260
12440000000.000000 3.838673
12445000000.000000 3.837085
12450000000.000000 3.835498
12455000000.000000 3.833911
12460000000.000000 3.832323
12465000000.000000 3.830736
12470000000.000000 3.829149
12475000000.000000 3.827561
12480000000.000000 3.825974
12485000000.000000 3.824387
12490000000.000000 3.822799
12495000000.000000 3.821212
12500000000.000000 3.819625
12505000000.000000 3.818037
12510000000.000000 3.816450
12515000000.000000 3.814863
12520000000.000000 3.813275
12525000000.000000 3.811688
12530000000.000000 3.810100
12535000000.000000 3.808513
12540000000.000000 3.806926
12545000000.000000 3.805338
12550000000.000000 3.803751
12555000000.000000 3.802164
12560000000.000000 3.800576
12565000000.000000 3.798989
12570000000.000000 3.797402
12575000000.000000 3.795814
12580000000.000000 3.794227
12585000000.000000 3.792640
12590000000.000000 3.791052
12595000000.000000 3.789465
12600000000.000000 3.787878
12605000000.000000 3.786290
12610000000.000000 3.784703
12615000000.000000 3.783116
12620000000.000000 3.781528
12625000000.000000 3.779941
12630000000.000000 3.778353
12635000000.000000 3.776766
12640000000.000000 3.775179
12645000000.000000 3.773591
12650000000.000000 3.772004
12655000000.000000 3.770417
12660000000.000000 3.768829
12665000000.000000 3.767242
12670000000.000000 3.765655
12675000000.000000 3.764067
12680000000.000000 3.762480
12685000000.000000 3.760893
12690000000.000000 3.759305
12695000000.000000 3.757718
12700000000.000000 3.756131
12705000000.000000 3.754543
12710000000.000000 3.752956
12715000000.000000 3.751368
12720000000.000000 3.749781
12725000000.000000 3.748194
12730000000.000000 3.746606
12735000000.000000 3.745019
12740000000.000000 3.743432
12745000000.000000 3.741844
12750000000.000000 3.740257
12755000000.000000 3.738670
12760000000.000000 3.737082
12765000000.000000 3.735495
12770000000.000000 3.733908
12775000000.000000 3.732320
12780000000.000000 3.730733
12785000000.000000 3.729146
12790000000.000000 3.727558
12795000000.000000 3.725971
12800000000.000000 3.724384
12805000000.000000 3.722796
12810000000.000000 3.721209
12815000000.000000 3.719621
12820000000.000000 3.718034
12825000000.000000 3.716447
12830000000.000000 3.714859
12835000000.000000 3.713272
12840000000.000000 3.711685
12845000000.000000 3.710097
12850000000.000000 3.708510
12855000000.000000 3.706923
12860000000.000000 3.705335
12865000000.000000 3.703748
12870000000.000000 3.702161
12875000000.000000 3.700573
12880000000.000000 3.698986
12885000000.000000 3.697399
12890000000.000000 3.695811
12895000000.000000 3.694224
12900000000.000000 3.692637
12905000000.000000 3.691049
12910000000.000000 3.689462
12915000000.000000 3.687874
12920000000.000000 3.686287
12925000000.000000 3.684700
12930000000.000000 3.683112
12935000000.000000 3.681525
12940000000.000000 3.679938
12945000000.000000 3.678350
12950000000.000000 3.676763
12955000000.000000 3.675176
12960000000.000000 3.673588
12965000000.000000 3.672001
12970000000.000000 3.670414
12975000000.000000 3.668826
12980000000.000000 3.667239
12985000000.000000 3.665652
12990000000.000000 3.664064
12995000000.000000 3.662477
13000000000.000000 3.660889
13005000000.000000 3.659302
13010000000.000000 3.657715
13015000000.000000 3.656127
13020000000.000000 3.654540
13025000000.000000 3.652953
13030000000.000000 3.651365
13035000000.000000 3.649778
13040000000.000000 3.648191
13045000000.000000 3.646603
13050000000.000000 3.645016
13055000000.000000 3.643429
13060000000.000000 3.641841
13065000000.000000 3.640254
13070000000.000000 3.638667
13075000000.000000 3.637079
13080000000.000000 3.635492
13085000000.000000 3.633905
13090000000.000000 3.632317
13095000000.000000 3.630730
13100000000.000000 3.629142
13105000000.000000 3.627555
13110000000.000000 3.625968
13115000000.000000 3.624380
13120000000.000000 3.622793
13125000000.000000 3.621206
13130000000.000000 3.619618
13135000000.000000 3.618031
13140000000.000000 3.616444
13145000000.000000 3.614856
13150000000.000000 3.613269
13155000000.000000 3.611682
13160000000.000000 3.610094
13165000000.000000 3.608507
13170000000.000000 3.606920
13175000000.000000 3.605332
13180000000.000000 3.603745
13185000000.000000 3.602157
13190000000.000000 3.600570
13195000000.000000 3.598983
13200000000.000000 3.597395
13205000000.000000 3.595808
13210000000.000000 3.594221
13215000000.000000 3.592633
13220000000.000000 3.591046
13225000000.000000 3.589459
13230000000.000000 3.587871
13235000000.000000 3.586284
13240000000.000000 3.584697
13245000000.000000 3.583109
13250000000.000000 3.581522
13255000000.000000 3.579935
13260000000.000000 3.578347
13265000000.000000 3.576760
13270000000.000000 3.575173
13275000000.000000 3.573585
13280000000.000000 3.571998
13285000000.000000 3.570410
13290000000.000000 3.568823
13295000000.000000 3.567236
13300000000.000000 3.565648
13305000000.000000 3.564061
13310000000.000000 3.562474
13315000000.000000 3.560886
13320000000.000000 3.559299
13325000000.000000 3.557712
13330000000.000000 3.556124
13335000000.000000 3.554537
13340000000.000000 3.552950
13345000000.000000 3.551362
13350000000.000000 3.549775
13355000000.000000 3.548188
13360000000.000000 3.546600
13365000000.000000 3.545013
13370000000.000000 3.543425
13375000000.000000 3.541838
13380000000.000000 3.540251
13385000000.000000 3.538663
13390000000.000000 3.537076
13395000000.000000 3.535489
13400000000.000000 3.533901
13405000000.000000 3.532314
13410000000.000000 3.530727
13415000000.000000 3.529139
13420000000.000000 3.527552
13425000000.000000 3.525965
13430000000.000000 3.524377
13435000000.000000 3.522790
13440000000.000000 3.521203
13445000000.000000 3.519615
13450000000.000000 3.518028
13455000000.000000 3.516441
13460000000.000000 3.514853
13465000000.000000 3.513266
13470000000.000000 3.511678
13475000000.000000 3.510091
13480000000.000000 3.508504
13485000000.000000 3.506916
13490000000.000000 3.505329
13495000000.000000 3.503742
13500000000.000000 3.502154
13505000000.000000 3.500567
13510000000.000000 3.498980
13515000000.000000 3.497392
13520000000.000000 3.495805
13525000000.000000 3.494218
13530000000.000000 3.492630
13535000000.000000 3.491043
13540000000.000000 3.489456
13545000000.000000 3.487868
13550000000.000000 3.486281
13555000000.000000 3.484693
13560000000.000000 3.483106
13565000000.000000 3.481519
13570000000.000000 3.479931
13575000000.000000 3.478344
13580000000.000000 3.476757
13585000000.000000 3.475169
13590000000.000000 3.473582
13595000000.000000 3.471995
13600000000.000000 3.470407
13605000000.000000 3.468820
13610000000.000000 3.467233
13615000000.000000 3.465645
13620000000.000000 3.464058
13625000000.000000 3.462471
13630000000.000000 3.460883
13635000000.000000 3.459296
13640000000.000000 3.457709
13645000000.000000 3.456121
13650000000.000000 3.454534
13655000000.000000 3.452946
13660000000.000000 3.451359
13665000000.000000 3.449772
13670000000.000000 3.448184
13675000000.000000 3.446597
13680000000.000000 3.445010
13685000000.000000 3.443422
13690000000.000000 3.441835
13695000000.000000 3.440248
13700000000.000000 3.438660
