0.000000 11.242655
1000000.000000 11.241621
1388818.640169 11.240930
1928817.215280 11.239970
2678777.302059 11.238636
3720335.849961 11.236784
5166871.776114 11.234212
7175847.834028 11.230640
9965951.230913 11.225679
13840898.836504 11.218789
19222498.300827 11.209220
26696563.950800 11.195930
37076685.643327 11.177474
51492792.137129 11.151841
71514149.554378 11.116241
99320183.936934 11.066799
137937722.796600 10.998134
191570480.602344 10.902771
266056654.366616 10.770328
369504440.925284 10.586389
513174655.182158 10.330931
712706526.779135 9.976146
989820109.360773 9.483415
1374680618.294087 8.895759
1909182066.965496 8.407148
2651507642.077535 7.858476
3682463237.867104 6.995513
5114273586.485910 5.840012
7102798487.834159 4.611253
9864498937.266310 4.036282
13700000000.000025 3.237752
