0.000000 12.045702
1000000.000000 12.044594
1388818.640169 12.043853
1928817.215280 12.042825
2678777.302059 12.041396
3720335.849961 12.039412
5166871.776114 12.036656
7175847.834028 12.032828
9965951.230913 12.027513
13840898.836504 12.020131
19222498.300827 12.009879
26696563.950800 11.995640
37076685.643327 11.975865
51492792.137129 11.948401
71514149.554378 11.910258
99320183.936934 11.857285
137937722.796600 11.783715
191570480.602344 11.681540
266056654.366616 11.539637
369504440.925284 11.342560
513174655.182158 11.068855
712706526.779135 10.688728
989820109.360773 10.160802
1374680618.294087 9.531170
1909182066.965496 9.007658
2651507642.077535 8.419796
3682463237.867104 7.495192
5114273586.485910 6.257156
7102798487.834159 4.940629
9864498937.266310 4.324588
13700000000.000025 3.469020
