0.000000000000000000e+00 0.000000000000000000e+00
1.000000000000000000e+07 0.000000000000000000e+00
2.000000000000000000e+07 0.000000000000000000e+00
3.000000000000000000e+07 0.000000000000000000e+00
4.000000000000000000e+07 0.000000000000000000e+00
5.000000000000000000e+07 0.000000000000000000e+00
6.000000000000000000e+07 0.000000000000000000e+00
7.000000000000000000e+07 0.000000000000000000e+00
8.000000000000000000e+07 0.000000000000000000e+00
9.000000000000000000e+07 0.000000000000000000e+00
1.000000000000000000e+08 0.000000000000000000e+00
1.100000000000000000e+08 0.000000000000000000e+00
1.200000000000000000e+08 0.000000000000000000e+00
1.300000000000000000e+08 0.000000000000000000e+00
1.400000000000000000e+08 0.000000000000000000e+00
1.500000000000000000e+08 0.000000000000000000e+00
1.600000000000000000e+08 0.000000000000000000e+00
1.700000000000000000e+08 0.000000000000000000e+00
1.800000000000000000e+08 0.000000000000000000e+00
1.900000000000000000e+08 0.000000000000000000e+00
2.000000000000000000e+08 0.000000000000000000e+00
2.100000000000000000e+08 0.000000000000000000e+00
2.200000000000000000e+08 0.000000000000000000e+00
2.300000000000000000e+08 0.000000000000000000e+00
2.400000000000000000e+08 0.000000000000000000e+00
2.500000000000000000e+08 8.297744588648175323e+00
2.600000000000000000e+08 8.268584985348070404e+00
2.700000000000000000e+08 8.239425382047965485e+00
2.800000000000000000e+08 8.210265778747858789e+00
2.900000000000000000e+08 8.181106175447753870e+00
3.000000000000000000e+08 8.151946572147648951e+00
3.100000000000000000e+08 8.122786968847542255e+00
3.200000000000000000e+08 8.093627365547437336e+00
3.300000000000000000e+08 8.064467762247332416e+00
3.400000000000000000e+08 8.035308158947227497e+00
3.500000000000000596e+08 8.006148555647120801e+00
3.600000000000000000e+08 7.976988952347015882e+00
3.700000000000000000e+08 7.947829349046910075e+00
3.800000000000000000e+08 7.918669745746805155e+00
3.900000000000000000e+08 7.889510142446699348e+00
4.000000000000000000e+08 7.860350539146594429e+00
4.100000000000000596e+08 7.831190935846488621e+00
4.200000000000000000e+08 7.802031332546383702e+00
4.300000000000000000e+08 7.772871729246278782e+00
4.400000000000000000e+08 7.743712125946172975e+00
4.500000000000000000e+08 7.714552522646068056e+00
4.600000000000000000e+08 7.685392919345962248e+00
4.700000000000000000e+08 7.656233316045857329e+00
4.800000000000000000e+08 7.627073712745751521e+00
4.900000000000000000e+08 7.597914109445645714e+00
5.000000000000000000e+08 7.568754506145540795e+00
5.100000000000000000e+08 7.539594902845434987e+00
5.200000000000000000e+08 7.510435299545329180e+00
5.300000000000000000e+08 7.481275696245224260e+00
5.400000000000000000e+08 7.452116092945119341e+00
5.500000000000000000e+08 7.422956489645013534e+00
5.600000000000000000e+08 7.393796886344907726e+00
5.700000000000001192e+08 7.364637283044802807e+00
5.800000000000000000e+08 7.335477679744696999e+00
5.900000000000000000e+08 7.306318076444591192e+00
6.000000000000000000e+08 7.277158473144486273e+00
6.100000000000000000e+08 7.247998869844381353e+00
6.200000000000000000e+08 7.218839266544275546e+00
6.300000000000000000e+08 7.189679663244169738e+00
6.400000000000000000e+08 7.160520059944064819e+00
6.500000000000000000e+08 7.131360456643959012e+00
6.600000000000000000e+08 7.102200853343853204e+00
6.700000000000000000e+08 7.073041250043748285e+00
6.800000000000000000e+08 7.043881646743642477e+00
6.900000000000000000e+08 7.014722043443537558e+00
7.000000000000001192e+08 6.985562440143431751e+00
7.100000000000000000e+08 6.956402836843326831e+00
7.200000000000000000e+08 6.927243233543221024e+00
7.300000000000000000e+08 6.898083630243115216e+00
7.400000000000000000e+08 6.868924026943010297e+00
7.500000000000000000e+08 6.839764423642905378e+00
7.600000000000000000e+08 6.810604820342798682e+00
7.700000000000000000e+08 6.781445217042693763e+00
7.800000000000000000e+08 6.752285613742588843e+00
7.900000000000000000e+08 6.723126010442483036e+00
8.000000000000000000e+08 6.693966407142377228e+00
8.100000000000000000e+08 6.664806803842272309e+00
8.200000000000001192e+08 6.635647200542166502e+00
8.300000000000001192e+08 6.606487597242060694e+00
8.400000000000000000e+08 6.577327993941956663e+00
8.500000000000000000e+08 6.548168390641851744e+00
8.600000000000000000e+08 6.519008787341745936e+00
8.700000000000000000e+08 6.489849184041640129e+00
8.800000000000000000e+08 6.460689580741535210e+00
8.900000000000000000e+08 6.431529977441429402e+00
9.000000000000000000e+08 6.402370374141323595e+00
9.100000000000000000e+08 6.373210770841218675e+00
9.200000000000000000e+08 6.344051167541113756e+00
9.300000000000000000e+08 6.314891564241007949e+00
9.400000000000000000e+08 6.285731960940902141e+00
9.500000000000001192e+08 6.256572357640797222e+00
9.600000000000000000e+08 6.227412754340691414e+00
9.700000000000000000e+08 6.198253151040585607e+00
9.800000000000000000e+08 6.169093547740480687e+00
9.900000000000000000e+08 6.139933944440375768e+00
1.000000000000000000e+09 0.000000000000000000e+00
1.010000000000000000e+09 0.000000000000000000e+00
1.020000000000000000e+09 0.000000000000000000e+00
1.030000000000000000e+09 0.000000000000000000e+00
1.040000000000000000e+09 0.000000000000000000e+00
1.050000000000000000e+09 0.000000000000000000e+00
1.060000000000000000e+09 0.000000000000000000e+00
1.070000000000000119e+09 0.000000000000000000e+00
1.080000000000000000e+09 0.000000000000000000e+00
1.090000000000000000e+09 0.000000000000000000e+00
1.100000000000000000e+09 0.000000000000000000e+00
1.110000000000000000e+09 0.000000000000000000e+00
1.120000000000000000e+09 0.000000000000000000e+00
1.130000000000000000e+09 0.000000000000000000e+00
1.140000000000000238e+09 0.000000000000000000e+00
1.150000000000000238e+09 0.000000000000000000e+00
1.160000000000000000e+09 0.000000000000000000e+00
1.170000000000000000e+09 0.000000000000000000e+00
1.180000000000000000e+09 0.000000000000000000e+00
1.190000000000000000e+09 0.000000000000000000e+00
1.200000000000000000e+09 0.000000000000000000e+00
1.210000000000000000e+09 0.000000000000000000e+00
1.220000000000000000e+09 0.000000000000000000e+00
1.230000000000000000e+09 0.000000000000000000e+00
1.240000000000000000e+09 0.000000000000000000e+00
1.250000000000000000e+09 0.000000000000000000e+00
1.260000000000000000e+09 0.000000000000000000e+00
1.270000000000000000e+09 0.000000000000000000e+00
1.280000000000000000e+09 0.000000000000000000e+00
1.290000000000000000e+09 0.000000000000000000e+00
1.300000000000000000e+09 0.000000000000000000e+00
1.310000000000000000e+09 5.503715368089115323e+00
1.320000000000000000e+09 5.524030362685048878e+00
1.330000000000000000e+09 5.543998331767273413e+00
1.340000000000000000e+09 5.563622666660466010e+00
1.350000000000000000e+09 5.582906734994505626e+00
1.360000000000000000e+09 5.601853880818397968e+00
1.370000000000000000e+09 5.620467424713877058e+00
1.380000000000000000e+09 5.638750663908666638e+00
1.390000000000000238e+09 5.656706872389389851e+00
1.400000000000000238e+09 5.674339301014155623e+00
1.410000000000000000e+09 5.691651177624801328e+00
1.420000000000000000e+09 5.708645707158799709e+00
1.430000000000000000e+09 5.725326071760830970e+00
1.440000000000000000e+09 5.741695430894015573e+00
1.450000000000000000e+09 5.757756921450810417e+00
1.460000000000000000e+09 5.773513657863581727e+00
1.470000000000000000e+09 5.788968732214823554e+00
1.480000000000000000e+09 5.804125214347067185e+00
1.490000000000000000e+09 5.818986151972427301e+00
1.500000000000000000e+09 5.833554570781847026e+00
1.510000000000000000e+09 5.847833474553980615e+00
1.520000000000000000e+09 5.861825845263769708e+00
1.530000000000000000e+09 5.875534643190667872e+00
1.540000000000000000e+09 5.888962807026550728e+00
1.550000000000000000e+09 5.902113253983274355e+00
1.560000000000000000e+09 5.914988879899930829e+00
1.570000000000000000e+09 5.927592559349745827e+00
1.580000000000000000e+09 5.939927145746674242e+00
1.590000000000000000e+09 5.951995471451641428e+00
1.600000000000000000e+09 5.963800347878471797e+00
1.610000000000000000e+09 5.975344565599492341e+00
1.620000000000000000e+09 5.986630894450788887e+00
1.630000000000000000e+09 5.997662083637165686e+00
1.640000000000000238e+09 6.008440861836745306e+00
1.650000000000000238e+09 6.018969937305270967e+00
1.660000000000000238e+09 6.029251997980065170e+00
1.670000000000000000e+09 6.039289711583672116e+00
1.680000000000000000e+09 6.049085725727175955e+00
1.690000000000000000e+09 6.058642668013187738e+00
1.700000000000000000e+09 6.067963146138506403e+00
1.710000000000000000e+09 6.077049747996485785e+00
1.720000000000000000e+09 6.085905041779035685e+00
1.730000000000000000e+09 6.094531576078326296e+00
1.740000000000000000e+09 6.102931879988177322e+00
1.750000000000000000e+09 6.111108463205103369e+00
1.760000000000000000e+09 6.119063816129053812e+00
1.770000000000000000e+09 6.126800409963833793e+00
1.780000000000000000e+09 6.134320696817193941e+00
1.790000000000000000e+09 6.141627109800611883e+00
1.800000000000000000e+09 6.148722063128746029e+00
1.810000000000000000e+09 6.155607952218588252e+00
1.820000000000000000e+09 6.162287153788268412e+00
1.830000000000000000e+09 6.168762025955569328e+00
1.840000000000000000e+09 6.175034908336119344e+00
1.850000000000000000e+09 6.181108122141251826e+00
1.860000000000000000e+09 6.186983970275567124e+00
1.870000000000000000e+09 6.192664737434179223e+00
1.880000000000000000e+09 6.198152690199622228e+00
1.890000000000000238e+09 6.203450077138482399e+00
1.900000000000000238e+09 6.208559128897684687e+00
1.910000000000000238e+09 6.213482058300463962e+00
1.920000000000000000e+09 6.218221060442067127e+00
1.930000000000000000e+09 6.222778312785065324e+00
1.940000000000000000e+09 6.227155975254444087e+00
1.950000000000000000e+09 6.231356190332306255e+00
1.960000000000000000e+09 6.235381083152303106e+00
1.970000000000000000e+09 6.239232761593745735e+00
1.980000000000000000e+09 6.242913316375409138e+00
1.990000000000000000e+09 6.246424821149025419e+00
2.000000000000000000e+09 6.249769332592448379e+00
2.010000000000000238e+09 6.252948890502546320e+00
2.020000000000000000e+09 6.255965517887760896e+00
2.030000000000000238e+09 6.258821221060363982e+00
2.040000000000000000e+09 6.261517989728401901e+00
2.049999999999999762e+09 6.264057797087335899e+00
2.060000000000000000e+09 6.266442599911398403e+00
2.069999999999999762e+09 6.268674338644599331e+00
2.080000000000000000e+09 6.270754937491458847e+00
2.089999999999999762e+09 6.272686304507431032e+00
2.100000000000000000e+09 6.274470331689013136e+00
2.109999999999999762e+09 6.276108895063563509e+00
2.120000000000000000e+09 6.277603854778792680e+00
2.130000000000000000e+09 6.278957055191993319e+00
2.140000000000000238e+09 6.280170324958911365e+00
2.150000000000000000e+09 6.281245477122370247e+00
2.160000000000000000e+09 6.282184309200559369e+00
2.170000000000000000e+09 6.282988603275017070e+00
2.180000000000000000e+09 6.283660126078350672e+00
2.190000000000000000e+09 6.284200629081611922e+00
2.200000000000000000e+09 6.284611848581404203e+00
2.210000000000000000e+09 6.284895505786668224e+00
2.220000000000000000e+09 6.285053306905183490e+00
2.230000000000000000e+09 6.285086943229774903e+00
2.240000000000000000e+09 6.284998091224194283e+00
2.250000000000000000e+09 6.284788412608747876e+00
2.260000000000000000e+09 6.284459554445577467e+00
2.270000000000000000e+09 6.284013149223694583e+00
2.280000000000000477e+09 6.283450814943671858e+00
2.290000000000000000e+09 6.282774155202071498e+00
2.300000000000000477e+09 6.281984759275580643e+00
2.310000000000000000e+09 6.281084202204812783e+00
2.320000000000000000e+09 6.280074044877862249e+00
2.330000000000000000e+09 6.278955834113538970e+00
2.340000000000000000e+09 6.277731102744313674e+00
2.350000000000000000e+09 6.276401369698978883e+00
2.360000000000000000e+09 6.274968140085006141e+00
2.370000000000000000e+09 6.273432905270615478e+00
2.380000000000000000e+09 6.271797142966562433e+00
2.390000000000000000e+09 6.270062317307612432e+00
2.400000000000000000e+09 6.268229878933759380e+00
2.410000000000000000e+09 6.266301265071117399e+00
2.420000000000000000e+09 6.264277899612547884e+00
2.430000000000000000e+09 6.262161193197977482e+00
2.440000000000000000e+09 6.259952543294472704e+00
2.450000000000000000e+09 6.257653334275939727e+00
2.460000000000000000e+09 6.255264937502648337e+00
2.470000000000000000e+09 6.252788711400368626e+00
2.480000000000000000e+09 6.250226001539287424e+00
2.490000000000000000e+09 6.247578140712603201e+00
2.500000000000000000e+09 6.244846449014849199e+00
2.510000000000000000e+09 6.242032233919934114e+00
2.520000000000000000e+09 6.239136790358895013e+00
2.530000000000000477e+09 6.236161400797346488e+00
2.540000000000000000e+09 6.233107335312688235e+00
2.550000000000000477e+09 6.229975851670991105e+00
2.560000000000000000e+09 6.226768195403618478e+00
2.570000000000000000e+09 6.223485599883559871e+00
2.580000000000000000e+09 6.220129286401485658e+00
2.590000000000000000e+09 6.216700464241520230e+00
2.600000000000000000e+09 6.213200330756726508e+00
2.610000000000000000e+09 6.209630071444325772e+00
2.620000000000000000e+09 6.205990860020628830e+00
2.630000000000000000e+09 6.202283858495678537e+00
2.640000000000000000e+09 6.198510217247625853e+00
2.650000000000000000e+09 6.194671075096834123e+00
2.660000000000000000e+09 6.190767559379676932e+00
2.670000000000000000e+09 6.186800786022092602e+00
2.680000000000000000e+09 6.182771859612832266e+00
2.690000000000000000e+09 6.178681873476464581e+00
2.700000000000000000e+09 6.174531909746065139e+00
2.710000000000000000e+09 6.170323039435660739e+00
2.720000000000000000e+09 6.166056322512373455e+00
2.730000000000000000e+09 6.161732807968325787e+00
2.740000000000000000e+09 6.157353533892230502e+00
2.750000000000000000e+09 6.152919527540739786e+00
2.760000000000000000e+09 6.148431805409505735e+00
2.770000000000000000e+09 6.143891373303954850e+00
2.780000000000000477e+09 6.139299226409816512e+00
2.790000000000000000e+09 6.134656349363380556e+00
2.800000000000000477e+09 6.129963716321447542e+00
2.810000000000000000e+09 6.125222291031052535e+00
2.820000000000000000e+09 6.120433026898878914e+00
2.830000000000000000e+09 6.115596867060433262e+00
2.840000000000000000e+09 6.110714744448938696e+00
2.850000000000000000e+09 6.105787581863962643e+00
2.860000000000000000e+09 6.100816292039750621e+00
2.870000000000000000e+09 6.095801777713342418e+00
2.880000000000000000e+09 6.090744931692387176e+00
2.890000000000000000e+09 6.085646636922665387e+00
2.900000000000000000e+09 6.080507766555424354e+00
2.910000000000000000e+09 6.075329184014357509e+00
2.920000000000000000e+09 6.070111743062383880e+00
2.930000000000000000e+09 6.064856287868130025e+00
2.940000000000000000e+09 6.059563653072149947e+00
2.950000000000000000e+09 6.054234663852885667e+00
2.960000000000000000e+09 6.048870135992387098e+00
2.970000000000000000e+09 6.043470875941711284e+00
2.980000000000000000e+09 6.038037680886100489e+00
2.990000000000000000e+09 6.032571338809926687e+00
3.000000000000000000e+09 6.027072628561283452e+00
3.010000000000000000e+09 6.021542319916419750e+00
3.020000000000000000e+09 6.015981173643822899e+00
3.030000000000000477e+09 6.010389941568129224e+00
3.040000000000000000e+09 6.004769366633668781e+00
3.050000000000000477e+09 5.999120182967862647e+00
3.060000000000000000e+09 5.993443115944286248e+00
3.070000000000000477e+09 5.987738882245491112e+00
3.080000000000000000e+09 5.982008189925585029e+00
3.090000000000000000e+09 5.976251738472547537e+00
3.100000000000000000e+09 5.970470218870255863e+00
3.110000000000000000e+09 5.964664313660305694e+00
3.120000000000000000e+09 5.958834697003554837e+00
3.130000000000000000e+09 5.952982034741411965e+00
3.140000000000000000e+09 5.947106984456838497e+00
3.150000000000000000e+09 5.941210195535150618e+00
3.160000000000000000e+09 5.935292309224538876e+00
3.170000000000000000e+09 5.929353958696309768e+00
3.180000000000000000e+09 5.923395769104950581e+00
3.190000000000000000e+09 5.917418357647833638e+00
3.200000000000000000e+09 5.911422333624765102e+00
3.210000000000000000e+09 5.905408298497222042e+00
3.220000000000000000e+09 5.899376845947377213e+00
3.230000000000000000e+09 5.893328561936826304e+00
3.240000000000000000e+09 5.887264024765114456e+00
3.250000000000000000e+09 5.881183805127998099e+00
3.260000000000000000e+09 5.875088466175403923e+00
3.270000000000000000e+09 5.868978563569234197e+00
3.280000000000000477e+09 5.862854645540868326e+00
3.290000000000000000e+09 5.856717252948381969e+00
3.300000000000000477e+09 5.850566919333609839e+00
3.310000000000000000e+09 5.844404170978863000e+00
3.320000000000000477e+09 5.838229526963491622e+00
3.330000000000000000e+09 5.832043499220127991e+00
3.340000000000000000e+09 5.825846592590691486e+00
3.350000000000000000e+09 5.819639304882249675e+00
3.360000000000000000e+09 5.813422126922454858e+00
3.370000000000000000e+09 5.807195542614883799e+00
3.380000000000000000e+09 5.800960028994108342e+00
3.390000000000000000e+09 5.794716056280452499e+00
3.400000000000000000e+09 5.788464087934587887e+00
3.410000000000000000e+09 5.782204580711814756e+00
3.420000000000000000e+09 5.775937984716199125e+00
3.430000000000000000e+09 5.769664743454340439e+00
3.440000000000000000e+09 5.763385293889005112e+00
3.450000000000000000e+09 5.757100066492493617e+00
3.460000000000000000e+09 5.750809485299717139e+00
3.470000000000000000e+09 5.744513967961091261e+00
3.480000000000000000e+09 5.738213925795167647e+00
3.490000000000000000e+09 5.731909763841027683e+00
3.500000000000000000e+09 5.725601880910475394e+00
3.510000000000000000e+09 5.719290669639881308e+00
3.520000000000000000e+09 5.712976516541948158e+00
3.530000000000000477e+09 5.706659802057126640e+00
3.540000000000000000e+09 5.700340900604780714e+00
3.550000000000000477e+09 5.694020180634262296e+00
3.560000000000000000e+09 5.687698004675558749e+00
3.570000000000000477e+09 5.681374729389825795e+00
3.580000000000000000e+09 5.675050705619693048e+00
3.590000000000000000e+09 5.668726278439259580e+00
3.600000000000000000e+09 5.662401787203892312e+00
3.610000000000000000e+09 5.656077565599855639e+00
3.620000000000000000e+09 5.649753941693552051e+00
3.630000000000000000e+09 5.643431237980744086e+00
3.640000000000000000e+09 5.637109771435326877e+00
3.650000000000000000e+09 5.630789853558037628e+00
3.660000000000000000e+09 5.624471790424835582e+00
3.670000000000000000e+09 5.618155882735080375e+00
3.680000000000000000e+09 5.611842425859531858e+00
3.690000000000000000e+09 5.605531709888009750e+00
3.700000000000000000e+09 5.599224019676948494e+00
3.710000000000000000e+09 5.592919634896611036e+00
3.720000000000000000e+09 5.586618830078169395e+00
3.730000000000000000e+09 5.580321874660517878e+00
3.740000000000000000e+09 5.574029033036806524e+00
3.750000000000000000e+09 5.567740564600864417e+00
3.760000000000000000e+09 5.561456723793300583e+00
3.770000000000000000e+09 5.555177760147433474e+00
3.780000000000000477e+09 5.548903918334927354e+00
3.790000000000000000e+09 5.542635438211308774e+00
3.800000000000000477e+09 5.536372554861165973e+00
3.810000000000000000e+09 5.530115498643177752e+00
3.820000000000000477e+09 5.523864495234891869e+00
3.830000000000000000e+09 5.517619765677284072e+00
3.840000000000000000e+09 5.511381526419155463e+00
3.850000000000000000e+09 5.505149989361151519e+00
3.860000000000000000e+09 5.498925361899783759e+00
3.870000000000000000e+09 5.492707846971023322e+00
3.880000000000000000e+09 5.486497643093802168e+00
3.890000000000000000e+09 5.480294944413236280e+00
3.900000000000000000e+09 5.474099940743657911e+00
3.910000000000000000e+09 5.467912817611435550e+00
3.920000000000000000e+09 5.461733756297519449e+00
3.930000000000000000e+09 5.455562933879854803e+00
3.940000000000000000e+09 5.449400523275478747e+00
3.950000000000000000e+09 5.443246693282516091e+00
3.960000000000000000e+09 5.437101608621859761e+00
3.970000000000000000e+09 5.430965429978644288e+00
3.980000000000000000e+09 5.424838314043605614e+00
3.990000000000000000e+09 5.418720413554114934e+00
4.000000000000000000e+09 5.412611877335012700e+00
4.010000000000000000e+09 5.406512850339255216e+00
4.020000000000000477e+09 5.400423473688406695e+00
4.030000000000000477e+09 5.394343884712787585e+00
4.040000000000000000e+09 5.388274216991505661e+00
4.050000000000000000e+09 5.382214600392239312e+00
4.060000000000000477e+09 5.376165161110831647e+00
4.070000000000000477e+09 5.370126021710633246e+00
4.080000000000000000e+09 5.364097301161709908e+00
4.090000000000000000e+09 5.358079114879727101e+00
4.099999999999999523e+09 5.352071574764745598e+00
4.110000000000000477e+09 5.346074789239731118e+00
4.120000000000000000e+09 5.340088863288862342e+00
4.130000000000000000e+09 5.334113898495649764e+00
4.139999999999999523e+09 5.328149993080844915e+00
4.150000000000000477e+09 5.322197241940158641e+00
4.160000000000000000e+09 5.316255736681708477e+00
4.170000000000000000e+09 5.310325565663347902e+00
4.179999999999999523e+09 5.304406814029700712e+00
4.190000000000000477e+09 5.298499563749081709e+00
4.200000000000000000e+09 5.292603893650127844e+00
4.210000000000000000e+09 5.286719879458269489e+00
4.219999999999999523e+09 5.280847593832037390e+00
4.230000000000000477e+09 5.274987106399031234e+00
4.240000000000000000e+09 5.269138483791820704e+00
4.250000000000000000e+09 5.263301789683654697e+00
4.260000000000000000e+09 5.257477084823785951e+00
4.270000000000000477e+09 5.251664427072812558e+00
4.280000000000000477e+09 5.245863871437729919e+00
4.290000000000000000e+09 5.240075470106692279e+00
4.300000000000000000e+09 5.234299272483714738e+00
4.310000000000000954e+09 5.228535325223163888e+00
4.320000000000000000e+09 5.222783672263894950e+00
4.330000000000000000e+09 5.217044354863385358e+00
4.340000000000000000e+09 5.211317411631571694e+00
4.350000000000000954e+09 5.205602878564454805e+00
4.360000000000000000e+09 5.199900789077636531e+00
4.370000000000000000e+09 5.194211174039477186e+00
4.380000000000000000e+09 5.188534061804235265e+00
4.390000000000000000e+09 5.182869478244900741e+00
4.400000000000000000e+09 5.177217446785867594e+00
4.410000000000000000e+09 5.171577988435405615e+00
4.420000000000000000e+09 5.165951121817968783e+00
4.430000000000000000e+09 5.160336863206236302e+00
4.440000000000000000e+09 5.154735226553043503e+00
4.450000000000000000e+09 5.149146223523046295e+00
4.460000000000000000e+09 5.143569863524295904e+00
4.470000000000000000e+09 5.138006153739436144e+00
4.480000000000000000e+09 5.132455099156958411e+00
4.490000000000000000e+09 5.126916702602050790e+00
4.500000000000000000e+09 5.121390964767368992e+00
4.510000000000000000e+09 5.115877884243592355e+00
4.520000000000000000e+09 5.110377457549744484e+00
4.530000000000000000e+09 5.104889679163409077e+00
4.540000000000000000e+09 5.099414541550746804e+00
4.550000000000000000e+09 5.093952035196177341e+00
4.560000000000000954e+09 5.088502148632097821e+00
4.570000000000000000e+09 5.083064868468238906e+00
4.580000000000000000e+09 5.077640179420947142e+00
4.590000000000000000e+09 5.072228064342211518e+00
4.600000000000000954e+09 5.066828504248443998e+00
4.610000000000000000e+09 5.061441478349333778e+00
4.620000000000000000e+09 5.056066964076169512e+00
4.630000000000000000e+09 5.050704937110212178e+00
4.640000000000000000e+09 5.045355371410839673e+00
4.650000000000000000e+09 5.040018239243460485e+00
4.660000000000000000e+09 5.034693511207243510e+00
4.670000000000000000e+09 5.029381156262745733e+00
4.680000000000000000e+09 5.024081141759248581e+00
4.690000000000000000e+09 5.018793433462021447e+00
4.700000000000000000e+09 5.013517995579307218e+00
4.710000000000000000e+09 5.008254790789179012e+00
4.720000000000000000e+09 5.003003780266200629e+00
4.730000000000000000e+09 4.997764923707983975e+00
4.740000000000000000e+09 4.992538179361352135e+00
4.750000000000000000e+09 4.987323504048623235e+00
4.760000000000000000e+09 4.982120853193470644e+00
4.770000000000000000e+09 4.976930180846682816e+00
4.780000000000000000e+09 4.971751439711867171e+00
4.790000000000000000e+09 4.966584581170730317e+00
4.800000000000000000e+09 4.961429555308420447e+00
4.810000000000000954e+09 4.956286310938543771e+00
4.820000000000000000e+09 4.951154795628074368e+00
4.830000000000000000e+09 4.946034955722080184e+00
4.840000000000000000e+09 4.940926736368193239e+00
4.850000000000000954e+09 4.935830081541142889e+00
4.860000000000000000e+09 4.930744934066707330e+00
4.870000000000000000e+09 4.925671235645975088e+00
4.880000000000000000e+09 4.920608926879047829e+00
4.890000000000000000e+09 4.915557947288701435e+00
4.900000000000000000e+09 4.910518235344024873e+00
4.910000000000000000e+09 4.905489728483611422e+00
4.920000000000000000e+09 4.900472363138804965e+00
4.930000000000000000e+09 4.895466074756662067e+00
4.940000000000000000e+09 4.890470797822779936e+00
4.950000000000000000e+09 4.885486465883895235e+00
4.960000000000000000e+09 4.880513011570520199e+00
4.970000000000000000e+09 4.875550366619055609e+00
4.980000000000000000e+09 4.870598461894095621e+00
4.990000000000000000e+09 4.865657227410349783e+00
5.000000000000000000e+09 4.860726592354422060e+00
5.010000000000000000e+09 4.855806485106541892e+00
5.020000000000000000e+09 4.850896833261936436e+00
5.030000000000000000e+09 4.845997563652253426e+00
5.040000000000000000e+09 4.841108602366666069e+00
5.050000000000000000e+09 4.836229874772815407e+00
5.060000000000000954e+09 4.831361305537699380e+00
5.070000000000000000e+09 4.826502818648292781e+00
5.080000000000000000e+09 4.821654337432065951e+00
5.090000000000000000e+09 4.816815784577289428e+00
5.100000000000000954e+09 4.811987082153234674e+00
5.110000000000000000e+09 4.807168151630111019e+00
5.120000000000000000e+09 4.802358913899037240e+00
5.130000000000000000e+09 4.797559289291640106e+00
5.140000000000000000e+09 4.792769197599532127e+00
5.150000000000000000e+09 4.787988558093830171e+00
5.160000000000000000e+09 4.783217289544235307e+00
5.170000000000000000e+09 4.778455310238086007e+00
5.180000000000000000e+09 4.773702537999304774e+00
5.190000000000000000e+09 4.768958890207168899e+00
5.200000000000000000e+09 4.764224283814680660e+00
5.210000000000000000e+09 4.759498635367254593e+00
5.220000000000000000e+09 4.754781861020800804e+00
5.230000000000000000e+09 4.750073876559816277e+00
5.240000000000000000e+09 4.745374597415461082e+00
5.250000000000000000e+09 4.740683938683313059e+00
5.260000000000000000e+09 4.736001815140879145e+00
5.270000000000000000e+09 4.731328141265250586e+00
5.280000000000000000e+09 4.726662831250327379e+00
5.290000000000000000e+09 4.722005799024021400e+00
5.300000000000000000e+09 4.717356958265382261e+00
5.310000000000000954e+09 4.712716222421246215e+00
5.320000000000000000e+09 4.708083504723167501e+00
5.330000000000000000e+09 4.703458718203894051e+00
5.340000000000000000e+09 4.698841775713831659e+00
5.350000000000000954e+09 4.694232589937216815e+00
5.360000000000000000e+09 4.689631073408388140e+00
5.370000000000000000e+09 4.685037138527615497e+00
5.380000000000000000e+09 4.680450697577009045e+00
5.390000000000000000e+09 4.675871662736092560e+00
5.400000000000000000e+09 4.671299946097531297e+00
5.410000000000000000e+09 4.666735459682218590e+00
5.420000000000000000e+09 4.662178115454743477e+00
5.430000000000000000e+09 4.657627825338400918e+00
5.440000000000000000e+09 4.653084501230076775e+00
5.450000000000000000e+09 4.648548055015105263e+00
5.460000000000000000e+09 4.644018398581872376e+00
5.470000000000000000e+09 4.639495443836367805e+00
5.480000000000000000e+09 4.634979102716474841e+00
5.490000000000000000e+09 4.630469287206235407e+00
5.500000000000000000e+09 4.625965909349940119e+00
5.510000000000000000e+09 4.621468881265944795e+00
5.520000000000000000e+09 4.616978115160605967e+00
5.530000000000000000e+09 4.612493523341881563e+00
5.540000000000000000e+09 4.608015018232669568e+00
5.550000000000000000e+09 4.603542512384427354e+00
5.560000000000000954e+09 4.599075918490217241e+00
5.570000000000000000e+09 4.594615149397871079e+00
5.580000000000000000e+09 4.590160118122893707e+00
5.590000000000000000e+09 4.585710737861263375e+00
5.600000000000000954e+09 4.581266922002117603e+00
5.610000000000000000e+09 4.576828584140296030e+00
5.620000000000000000e+09 4.572395638088631920e+00
5.630000000000000000e+09 4.567967997890345799e+00
5.640000000000000000e+09 4.563545577831094491e+00
5.650000000000000000e+09 4.559128292450895792e+00
5.660000000000000000e+09 4.554716056556056714e+00
5.670000000000000000e+09 4.550308785230867237e+00
5.680000000000000000e+09 4.545906393849143079e+00
5.690000000000000000e+09 4.541508798085672538e+00
5.700000000000000000e+09 4.537115913927494582e+00
5.710000000000000000e+09 4.532727657685154732e+00
5.720000000000000000e+09 4.528343946003746012e+00
5.730000000000000000e+09 4.523964695873651465e+00
5.740000000000000000e+09 4.519589824641536246e+00
5.750000000000000000e+09 4.515219250020835240e+00
5.760000000000000000e+09 4.510852890102301949e+00
5.770000000000000000e+09 4.506490663364528082e+00
5.780000000000000000e+09 4.502132488683959544e+00
5.790000000000000000e+09 4.497778285345205518e+00
5.800000000000000000e+09 4.493427973050963864e+00
5.810000000000000954e+09 4.489081471931887002e+00
5.820000000000000000e+09 4.484738702556313683e+00
5.830000000000000000e+09 4.480399585939908391e+00
5.840000000000000000e+09 4.476064043555200378e+00
5.850000000000000954e+09 4.471731997340723908e+00
5.860000000000000000e+09 4.467403369710519989e+00
5.870000000000000000e+09 4.463078083563095433e+00
5.880000000000000000e+09 4.458756062290382793e+00
5.890000000000000000e+09 4.454437229786638142e+00
5.900000000000000000e+09 4.450121510457239360e+00
5.910000000000000000e+09 4.445808829227192227e+00
5.920000000000000000e+09 4.441499111549656931e+00
5.930000000000000000e+09 4.437192283414237437e+00
5.940000000000000000e+09 4.432888271355387211e+00
5.950000000000000000e+09 4.428587002460372624e+00
5.960000000000000000e+09 4.424288404377323403e+00
5.970000000000000000e+09 4.419992405323095674e+00
5.980000000000000000e+09 4.415698934091025762e+00
5.990000000000000000e+09 4.411407920058621812e+00
6.000000000000000000e+09 4.407119293195044030e+00
6.010000000000000000e+09 4.402832984068381528e+00
6.020000000000000000e+09 4.398548923853119241e+00
6.030000000000000000e+09 4.394267044337205164e+00
6.040000000000000000e+09 4.389987277929120246e+00
6.050000000000000000e+09 4.385709557664718261e+00
6.060000000000000954e+09 4.381433817214124282e+00
6.070000000000000000e+09 4.377159990888491947e+00
6.080000000000000000e+09 4.372888013646297978e+00
6.090000000000000000e+09 4.368617821100187371e+00
6.100000000000000954e+09 4.364349349522998800e+00
6.110000000000000000e+09 4.360082535854227004e+00
6.120000000000000000e+09 4.355817317705930058e+00
6.130000000000000000e+09 4.351553633368889784e+00
6.140000000000000954e+09 4.347291421818505697e+00
6.150000000000000000e+09 4.343030622720435829e+00
6.160000000000000000e+09 4.338771176436369004e+00
6.170000000000000000e+09 4.334513024029665651e+00
6.180000000000000000e+09 4.330256107270571420e+00
6.190000000000000000e+09 4.326000368641753191e+00
6.200000000000000000e+09 4.321745751343427422e+00
6.210000000000000000e+09 4.317492199298532896e+00
6.220000000000000000e+09 4.313239657157645013e+00
6.230000000000000000e+09 4.308988070304001106e+00
6.240000000000000000e+09 4.304737384858204230e+00
6.250000000000000000e+09 4.300487547682884326e+00
6.260000000000000000e+09 4.296238506387386913e+00
6.270000000000000000e+09 4.291990209332059436e+00
6.280000000000000000e+09 4.287742605632816506e+00
6.290000000000000000e+09 4.283495645165285026e+00
6.300000000000000000e+09 4.279249278568927117e+00
6.310000000000000954e+09 4.275003457251119521e+00
6.320000000000000000e+09 4.270758133391223232e+00
6.330000000000000000e+09 4.266513259944132663e+00
6.340000000000000000e+09 4.262268790644347050e+00
6.350000000000000954e+09 4.258024680009229179e+00
6.360000000000000000e+09 4.253780883342995978e+00
6.370000000000000000e+09 4.249537356739720551e+00
6.380000000000000000e+09 4.245294057086820949e+00
6.390000000000000954e+09 4.241050942068393503e+00
6.400000000000000000e+09 4.236807970168215753e+00
6.410000000000000000e+09 4.232565100672657010e+00
6.420000000000000000e+09 4.228322293673912213e+00
6.430000000000000000e+09 4.224079510072585641e+00
6.440000000000000000e+09 4.219836711580484234e+00
6.450000000000000000e+09 4.215593860723242159e+00
6.460000000000000000e+09 4.211350920842840573e+00
6.470000000000000000e+09 4.207107856100143373e+00
6.480000000000000000e+09 4.202864631477059909e+00
6.490000000000000000e+09 4.198621212778872902e+00
6.500000000000000000e+09 4.194377566636449117e+00
6.510000000000000000e+09 4.190133660508255531e+00
6.520000000000000000e+09 4.185889462682184536e+00
6.530000000000000000e+09 4.181644942277567445e+00
6.540000000000000000e+09 4.177400069246968606e+00
6.550000000000000000e+09 4.173154814377590505e+00
6.560000000000000954e+09 4.168909149293267724e+00
6.570000000000000000e+09 4.164663046455626905e+00
6.580000000000000000e+09 4.160416479165568227e+00
6.590000000000000000e+09 4.156169421564642974e+00
6.600000000000000954e+09 4.151921848636180634e+00
6.610000000000000000e+09 4.147673736206511030e+00
6.620000000000000000e+09 4.143425060945856053e+00
6.630000000000000000e+09 4.139175800369451430e+00
6.640000000000000954e+09 4.134925932838167562e+00
6.650000000000000000e+09 4.130675437559560237e+00
6.660000000000000000e+09 4.126424294588287189e+00
6.670000000000000000e+09 4.122172484826884364e+00
6.680000000000000000e+09 4.117919990026170041e+00
6.690000000000000000e+09 4.113666792785655169e+00
6.700000000000000000e+09 4.109412876553916405e+00
6.710000000000000000e+09 4.105158225628893653e+00
6.720000000000000000e+09 4.100902825157938913e+00
6.730000000000000000e+09 4.096646661137857137e+00
6.740000000000000000e+09 4.092389720415099852e+00
6.750000000000000000e+09 4.088131990685492489e+00
6.760000000000000000e+09 4.083873460494109153e+00
6.770000000000000000e+09 4.079614119234986624e+00
6.780000000000000000e+09 4.075353957150865902e+00
6.790000000000000000e+09 4.071092965332621105e+00
6.800000000000000000e+09 4.066831135718963708e+00
6.810000000000000954e+09 4.062568461095580119e+00
6.820000000000000000e+09 4.058304935094708021e+00
6.830000000000000000e+09 4.054040552194289049e+00
6.840000000000000000e+09 4.049775307717120576e+00
6.850000000000000954e+09 4.045509197829986192e+00
6.860000000000000000e+09 4.041242219542666270e+00
6.870000000000000000e+09 4.036974370706815307e+00
6.880000000000000000e+09 4.032705650014942300e+00
6.890000000000000954e+09 4.028436056999042059e+00
6.900000000000000000e+09 4.024165592029404159e+00
6.910000000000000000e+09 4.019894256313298442e+00
6.920000000000000000e+09 4.015622051893308786e+00
6.930000000000000000e+09 4.011348981645981304e+00
6.940000000000000000e+09 4.007075049280200751e+00
6.950000000000000000e+09 4.002800259335506539e+00
6.960000000000000000e+09 3.998524617180407414e+00
6.970000000000000000e+09 3.994248129010349313e+00
6.980000000000000000e+09 3.989970801846119741e+00
6.990000000000000000e+09 3.985692643531552726e+00
7.000000000000000000e+09 3.981413662731897674e+00
7.010000000000000000e+09 3.977133868931373772e+00
7.020000000000000000e+09 3.972853272430953986e+00
7.030000000000000000e+09 3.968571884346547840e+00
7.040000000000000000e+09 3.964289716606233416e+00
7.050000000000000000e+09 3.960006781948023136e+00
7.060000000000000954e+09 3.955723093917371536e+00
7.070000000000000000e+09 3.951438666864833138e+00
7.080000000000000000e+09 3.947153515943155000e+00
7.090000000000000000e+09 3.942867657104792034e+00
7.100000000000000954e+09 3.938581107099312639e+00
7.110000000000000000e+09 3.934293883470291853e+00
7.120000000000000000e+09 3.930006004552632159e+00
7.130000000000000000e+09 3.925717489469566335e+00
7.140000000000000954e+09 3.921428358129749547e+00
7.150000000000000000e+09 3.917138631224166723e+00
7.160000000000000000e+09 3.912848330222933768e+00
7.170000000000000000e+09 3.908557477372079259e+00
7.180000000000000000e+09 3.904266095690493987e+00
7.190000000000000000e+09 3.899974208966533240e+00
7.200000000000000000e+09 3.895681841754381924e+00
7.210000000000000000e+09 3.891389019370973923e+00
7.220000000000000000e+09 3.887095767892407405e+00
7.230000000000000000e+09 3.882802114150162964e+00
7.240000000000000000e+09 3.878508085727643717e+00
7.250000000000000000e+09 3.874213710956694090e+00
7.260000000000000000e+09 3.869919018913381858e+00
7.270000000000000000e+09 3.865624039414533364e+00
7.280000000000000000e+09 3.861328803013946764e+00
7.290000000000000000e+09 3.857033340998091919e+00
7.300000000000000000e+09 3.852737685382482180e+00
7.310000000000000954e+09 3.848441868907486629e+00
7.320000000000000000e+09 3.844145925034425204e+00
7.330000000000000000e+09 3.839849887940907980e+00
7.340000000000000000e+09 3.835553792517303773e+00
7.350000000000000954e+09 3.831257674362073651e+00
7.360000000000000000e+09 3.826961569777540983e+00
7.370000000000000000e+09 3.822665515765489186e+00
7.380000000000000000e+09 3.818369550022770564e+00
7.390000000000000954e+09 3.814073710936900063e+00
7.400000000000000000e+09 3.809778037581466492e+00
7.410000000000000000e+09 3.805482569711488683e+00
7.420000000000000000e+09 3.801187347758937296e+00
7.430000000000000000e+09 3.796892412827622909e+00
7.440000000000000000e+09 3.792597806689331552e+00
7.450000000000000000e+09 3.788303571778077750e+00
7.460000000000000000e+09 3.784009751185731130e+00
7.470000000000000000e+09 3.779716388657174075e+00
7.480000000000000000e+09 3.775423528585278632e+00
7.490000000000000000e+09 3.771131216005803477e+00
7.500000000000000000e+09 3.766839496592669700e+00
7.510000000000000000e+09 3.762548416652319094e+00
7.520000000000000000e+09 3.758258023119272817e+00
7.530000000000000000e+09 3.753968363550448384e+00
7.540000000000000000e+09 3.749679486120275573e+00
7.550000000000000000e+09 3.745391439614978335e+00
7.560000000000000954e+09 3.741104273427868776e+00
7.570000000000000000e+09 3.736818037553454541e+00
7.580000000000000000e+09 3.732532782582358433e+00
7.590000000000000000e+09 3.728248559695644726e+00
7.600000000000000954e+09 3.723965420659444359e+00
7.610000000000000000e+09 3.719683417819711568e+00
7.620000000000000000e+09 3.715402604095917827e+00
7.630000000000000000e+09 3.711123032976129554e+00
7.640000000000000954e+09 3.706844758511010696e+00
7.650000000000000000e+09 3.702567835308331556e+00
7.660000000000000000e+09 3.698292318526911426e+00
7.670000000000000000e+09 3.694018263871002627e+00
7.680000000000000000e+09 3.689745727584744728e+00
7.690000000000000000e+09 3.685474766445770545e+00
7.700000000000000000e+09 3.681205437759544008e+00
7.710000000000000000e+09 3.676937799353833913e+00
7.720000000000000000e+09 3.672671909571919802e+00
7.730000000000000000e+09 3.668407827267139876e+00
7.740000000000000000e+09 3.664145611796971291e+00
7.750000000000000000e+09 3.659885323016399017e+00
7.760000000000000000e+09 3.655627021272177757e+00
7.770000000000000000e+09 3.651370767396358463e+00
7.780000000000000000e+09 3.647116622700813604e+00
7.790000000000000000e+09 3.642864648969953212e+00
7.800000000000000000e+09 3.638614908455453989e+00
7.810000000000000954e+09 3.634367463869197845e+00
7.820000000000000000e+09 3.630122378377490744e+00
7.830000000000000000e+09 3.625879715594345409e+00
7.840000000000000000e+09 3.621639539575214783e+00
7.850000000000000954e+09 3.617401914810673080e+00
7.860000000000000000e+09 3.613166906219861030e+00
7.870000000000000000e+09 3.608934579143792565e+00
7.880000000000000000e+09 3.604704999339297888e+00
7.890000000000000954e+09 3.600478232972078363e+00
7.900000000000000000e+09 3.596254346610232577e+00
7.910000000000000000e+09 3.592033407217756658e+00
7.920000000000000000e+09 3.587815482147868273e+00
7.930000000000000954e+09 3.583600639136270249e+00
7.940000000000000000e+09 3.579388946294498997e+00
7.950000000000000000e+09 3.575180472103117513e+00
7.960000000000000000e+09 3.570975285405277422e+00
7.970000000000000000e+09 3.566773455399553150e+00
7.980000000000000000e+09 3.562575051633542156e+00
7.990000000000000000e+09 3.558380143996509037e+00
8.000000000000000000e+09 3.554188802713210027e+00
8.010000000000000000e+09 3.550001098336438954e+00
8.020000000000000000e+09 3.545817101740666555e+00
8.029999999999999046e+09 3.541636884114399475e+00
8.040000000000000954e+09 3.537460516954161083e+00
8.050000000000000954e+09 3.533288072056739448e+00
8.060000000000000954e+09 3.529119621512658345e+00
8.070000000000000000e+09 3.524955237698902177e+00
8.080000000000000000e+09 3.520794993272197804e+00
8.090000000000000000e+09 3.516638961161647980e+00
8.100000000000000000e+09 3.512487214561891502e+00
8.109999999999999046e+09 3.508339826925961358e+00
8.120000000000000954e+09 3.504196871958138448e+00
8.130000000000000954e+09 3.500058423606836389e+00
8.140000000000000954e+09 3.495924556057558252e+00
8.150000000000000000e+09 3.491795343725423439e+00
8.160000000000000000e+09 3.487670861248691079e+00
8.170000000000000000e+09 3.483551183480814384e+00
8.180000000000000000e+09 3.479436385483471117e+00
8.189999999999999046e+09 3.475326542519675765e+00
8.199999999999999046e+09 3.471221730045861431e+00
8.210000000000000954e+09 3.467122023705659029e+00
8.220000000000000954e+09 3.463027499321492453e+00
8.230000000000000000e+09 3.458938232887950992e+00
8.240000000000000000e+09 3.454854300564499159e+00
8.250000000000000000e+09 3.450775778668100369e+00
8.260000000000000000e+09 3.446702743665532420e+00
8.270000000000000000e+09 3.442635272166735039e+00
8.279999999999999046e+09 3.438573440916798063e+00
8.290000000000000954e+09 3.434517326789087388e+00
8.300000000000000954e+09 3.430467006777865091e+00
8.310000000000000954e+09 3.426422557990403295e+00
8.320000000000000000e+09 3.422384057640233124e+00
8.330000000000000000e+09 3.418351583039419772e+00
8.340000000000000000e+09 3.414325211591322073e+00
8.350000000000000000e+09 3.410305020783019003e+00
8.359999999999999046e+09 3.406291088177841431e+00
8.370000000000000954e+09 3.402283491408445659e+00
8.380000000000000954e+09 3.398282308168840249e+00
8.390000000000000954e+09 3.394287616206969727e+00
8.400000000000000000e+09 3.390299493317789903e+00
8.410000000000000000e+09 3.386318017335373298e+00
8.420000000000000000e+09 3.382343266125384496e+00
8.430000000000000000e+09 3.378375317578139025e+00
8.439999999999999046e+09 3.374414249600412141e+00
8.449999999999999046e+09 3.370460140108797908e+00
8.460000000000000954e+09 3.366513067021805750e+00
8.470000000000000954e+09 3.362573108252096876e+00
8.480000000000000000e+09 3.358640341699820731e+00
8.490000000000000000e+09 3.354714845244282984e+00
8.500000000000000000e+09 3.350796696737097236e+00
8.510000000000000000e+09 3.346885973994472963e+00
8.520000000000000000e+09 3.342982754789812105e+00
8.529999999999999046e+09 3.339087116845969483e+00
8.540000000000000954e+09 3.335199137828390281e+00
8.550000000000000954e+09 3.331318895336988550e+00
8.560000000000000954e+09 3.327446466898984490e+00
8.570000000000000000e+09 3.323581929961609838e+00
8.580000000000000000e+09 3.319725361884510839e+00
8.590000000000000000e+09 3.315876839931805264e+00
8.600000000000000000e+09 3.312036441265500564e+00
8.610000000000000000e+09 3.308204242937462070e+00
8.620000000000001907e+09 3.304380321882310678e+00
8.630000000000000000e+09 3.300564754909579346e+00
8.640000000000000000e+09 3.296757618696711134e+00
8.650000000000000000e+09 3.292958989781325840e+00
8.660000000000000000e+09 3.289168944553817475e+00
8.670000000000000000e+09 3.285387559250413148e+00
8.680000000000000000e+09 3.281614909944873482e+00
8.690000000000000000e+09 3.277851072542110167e+00
8.700000000000001907e+09 3.274096122770090656e+00
8.710000000000000000e+09 3.270350136172487154e+00
8.720000000000000000e+09 3.266613188102186704e+00
8.730000000000000000e+09 3.262885353712430714e+00
8.740000000000000000e+09 3.259166707950981845e+00
8.750000000000000000e+09 3.255457325551615710e+00
8.760000000000000000e+09 3.251757281027516377e+00
8.770000000000000000e+09 3.248066648663822775e+00
8.780000000000000000e+09 3.244385502510007235e+00
8.790000000000000000e+09 3.240713916372892633e+00
8.800000000000000000e+09 3.237051963809462585e+00
8.810000000000000000e+09 3.233399718119230215e+00
8.820000000000000000e+09 3.229757252337587481e+00
8.830000000000000000e+09 3.226124639227670343e+00
8.840000000000000000e+09 3.222501951274165499e+00
8.850000000000000000e+09 3.218889260675284802e+00
8.860000000000000000e+09 3.215286639336169650e+00
8.870000000000001907e+09 3.211694158861264192e+00
8.880000000000000000e+09 3.208111890547433731e+00
8.890000000000000000e+09 3.204539905377088438e+00
8.900000000000000000e+09 3.200978274010081392e+00
8.910000000000000000e+09 3.197427066777935423e+00
8.920000000000000000e+09 3.193886353676097301e+00
8.930000000000000000e+09 3.190356204356200820e+00
8.940000000000000000e+09 3.186836688120783911e+00
8.950000000000001907e+09 3.183327873914437944e+00
8.960000000000000000e+09 3.179829830318009698e+00
8.970000000000000000e+09 3.176342625540944375e+00
8.980000000000000000e+09 3.172866327414705090e+00
8.990000000000000000e+09 3.169401003386251858e+00
9.000000000000000000e+09 3.165946720509634993e+00
9.010000000000000000e+09 3.162503545441177621e+00
9.020000000000000000e+09 3.159071544430848366e+00
9.030000000000000000e+09 3.155650783316268804e+00
9.040000000000000000e+09 3.152241327516107194e+00
9.050000000000000000e+09 3.148843242022539624e+00
9.060000000000000000e+09 3.145456591395313861e+00
9.070000000000000000e+09 3.142081439754150995e+00
9.080000000000000000e+09 3.138717850773112605e+00
9.090000000000000000e+09 3.135365887672822094e+00
9.100000000000000000e+09 3.132025613214143522e+00
9.110000000000000000e+09 3.128697089692454636e+00
9.120000000000001907e+09 3.125380378929890401e+00
9.130000000000000000e+09 3.122075542268993420e+00
9.140000000000000000e+09 3.118782640566851949e+00
9.150000000000000000e+09 3.115501734187846150e+00
9.160000000000000000e+09 3.112232882997529426e+00
9.170000000000000000e+09 3.108976146356036363e+00
9.180000000000000000e+09 3.105731583112120386e+00
9.190000000000000000e+09 3.102499251595930208e+00
9.200000000000001907e+09 3.099279209613667430e+00
9.210000000000000000e+09 3.096071514440010386e+00
9.220000000000000000e+09 3.092876222813293108e+00
9.230000000000000000e+09 3.089693390928025973e+00
9.240000000000000000e+09 3.086523074429760261e+00
9.250000000000000000e+09 3.083365328407746464e+00
9.260000000000000000e+09 3.080220207389450682e+00
9.270000000000000000e+09 3.077087765334901359e+00
9.280000000000000000e+09 3.073968055629368479e+00
9.290000000000000000e+09 3.070861131078585604e+00
9.300000000000000000e+09 3.067767043902171142e+00
9.310000000000000000e+09 3.064685845727258329e+00
9.320000000000000000e+09 3.061617587583533417e+00
9.330000000000000000e+09 3.058562319896723114e+00
9.340000000000000000e+09 3.055520092482820527e+00
9.350000000000000000e+09 3.052490954542101953e+00
9.360000000000000000e+09 3.049474954653983438e+00
9.370000000000001907e+09 3.046472140770814629e+00
9.380000000000000000e+09 3.043482560212027455e+00
9.390000000000000000e+09 3.040506259658908750e+00
9.400000000000000000e+09 3.037543285149256089e+00
9.410000000000000000e+09 3.034593682070576559e+00
9.420000000000000000e+09 3.031657495156221849e+00
9.430000000000000000e+09 3.028734768478150485e+00
9.440000000000000000e+09 3.025825545443567854e+00
9.450000000000001907e+09 3.022929868787561869e+00
9.460000000000000000e+09 3.020047780568750451e+00
9.470000000000000000e+09 3.017179322164222466e+00
9.480000000000000000e+09 3.014324534263571831e+00
9.490000000000000000e+09 3.011483456864562758e+00
9.500000000000000000e+09 3.008656129266465751e+00
9.510000000000000000e+09 3.005842590066703401e+00
9.520000000000000000e+09 3.003042877154884494e+00
9.530000000000000000e+09 3.000257027707879054e+00
9.540000000000000000e+09 2.997485078185112783e+00
9.550000000000000000e+09 2.994727064323016386e+00
9.560000000000000000e+09 2.991983021130597997e+00
9.570000000000000000e+09 2.989252982885093779e+00
9.580000000000000000e+09 2.986536983126265365e+00
9.590000000000000000e+09 2.983835054652386187e+00
9.600000000000000000e+09 2.981147229515333397e+00
9.610000000000000000e+09 2.978473539015666471e+00
9.620000000000001907e+09 2.975814013698889759e+00
9.630000000000000000e+09 2.973168683349626917e+00
9.640000000000000000e+09 2.970537576988871109e+00
9.650000000000000000e+09 2.967920722868056416e+00
9.660000000000000000e+09 2.965318148465868830e+00
9.670000000000000000e+09 2.962729880482668054e+00
9.680000000000000000e+09 2.960155944837784769e+00
9.690000000000000000e+09 2.957596366664054788e+00
9.700000000000001907e+09 2.955051170304526131e+00
9.710000000000000000e+09 2.952520379307566500e+00
9.720000000000000000e+09 2.950004016424101039e+00
9.730000000000000000e+09 2.947502103602315238e+00
9.740000000000000000e+09 2.945014661984567628e+00
9.750000000000000000e+09 2.942541711903212676e+00
9.760000000000000000e+09 2.940083272877198173e+00
9.770000000000000000e+09 2.937639363608007148e+00
9.780000000000000000e+09 2.935210001975978589e+00
9.790000000000000000e+09 2.932795205036589969e+00
9.800000000000000000e+09 2.930394989017996110e+00
9.810000000000000000e+09 2.928009369315685895e+00
9.820000000000000000e+09 2.925638360491020329e+00
9.830000000000000000e+09 2.923281976266058013e+00
9.840000000000000000e+09 2.920940229522061227e+00
9.850000000000000000e+09 2.918613132294348933e+00
9.860000000000000000e+09 2.916300695771052442e+00
9.870000000000001907e+09 2.914002930288997817e+00
9.880000000000000000e+09 2.911719845330331680e+00
9.890000000000000000e+09 2.909451449520355837e+00
9.900000000000000000e+09 2.907197750624044286e+00
9.910000000000000000e+09 2.904958755543614046e+00
9.920000000000000000e+09 2.902734470315729176e+00
9.930000000000000000e+09 2.900524900108509385e+00
9.940000000000000000e+09 2.898330049218950322e+00
9.950000000000001907e+09 2.896149921070632072e+00
9.960000000000000000e+09 2.893984518210858337e+00
9.970000000000000000e+09 2.891833842308523028e+00
9.980000000000000000e+09 2.889697894151356916e+00
9.990000000000000000e+09 2.887576673644475456e+00
1.000000000000000000e+10 2.885470179807167135e+00
1.001000000000000000e+10 2.883378410771166855e+00
1.002000000000000000e+10 2.881301363778922209e+00
1.003000000000000000e+10 2.879239035180537698e+00
1.004000000000000000e+10 2.877191420433602875e+00
1.005000000000000000e+10 2.875158514099017903e+00
1.006000000000000000e+10 2.873140309841819118e+00
1.007000000000000000e+10 2.871136800426596025e+00
1.008000000000000000e+10 2.869147977719086917e+00
1.009000000000000000e+10 2.867173832681103818e+00
1.010000000000000000e+10 2.865214355372409649e+00
1.011000000000000000e+10 2.863269534946532247e+00
1.012000000000000191e+10 2.861339359651280834e+00
1.013000000000000000e+10 2.859423816826257347e+00
1.014000000000000000e+10 2.857522892903306744e+00
1.015000000000000000e+10 2.855636573402779099e+00
1.016000000000000000e+10 2.853764842935293977e+00
1.017000000000000000e+10 2.851907685198947107e+00
1.018000000000000000e+10 2.850065082979525322e+00
1.019000000000000000e+10 2.848237018148208399e+00
1.020000000000000191e+10 2.846423471663173554e+00
1.021000000000000000e+10 2.844624423566629812e+00
1.022000000000000000e+10 2.842839852985790117e+00
1.023000000000000000e+10 2.841069738132010691e+00
1.024000000000000000e+10 2.839314056299583555e+00
1.025000000000000000e+10 2.837572783866931569e+00
1.026000000000000000e+10 2.835845896295130952e+00
1.027000000000000000e+10 2.834133368128154640e+00
1.028000000000000000e+10 2.832435172993263084e+00
1.029000000000000000e+10 2.830751283600657420e+00
1.030000000000000000e+10 2.829081671743204129e+00
1.031000000000000000e+10 2.827426308296517643e+00
1.032000000000000000e+10 2.825785163221384177e+00
1.033000000000000000e+10 2.824158205561033252e+00
1.034000000000000000e+10 2.822545403443017076e+00
1.035000000000000000e+10 2.820946724081129897e+00
1.036000000000000000e+10 2.819362133772896239e+00
1.037000000000000191e+10 2.817791597903606782e+00
1.038000000000000000e+10 2.816235080944268443e+00
1.039000000000000000e+10 2.814692546454740540e+00
1.040000000000000000e+10 2.813163957083617550e+00
1.041000000000000000e+10 2.811649274568827739e+00
1.042000000000000000e+10 2.810148459740350990e+00
1.043000000000000000e+10 2.808661472519829783e+00
1.044000000000000000e+10 2.807188271923122702e+00
1.045000000000000191e+10 2.805728816060660158e+00
1.046000000000000000e+10 2.804283062140468630e+00
1.047000000000000000e+10 2.802850966467785643e+00
1.048000000000000000e+10 2.801432484449096538e+00
1.049000000000000000e+10 2.800027570591591353e+00
1.050000000000000000e+10 2.798636178506930694e+00
1.051000000000000000e+10 2.797258260912049987e+00
1.052000000000000000e+10 2.795893769632022074e+00
1.053000000000000000e+10 2.794542655601844228e+00
1.054000000000000000e+10 2.793204868868718105e+00
1.055000000000000000e+10 2.791880358594735601e+00
1.056000000000000000e+10 2.790569073058716487e+00
1.057000000000000000e+10 2.789270959659876592e+00
1.058000000000000000e+10 2.787985964918757720e+00
1.059000000000000000e+10 2.786714034482493663e+00
1.060000000000000000e+10 2.785455113124851945e+00
1.061000000000000000e+10 2.784209144751462084e+00
1.062000000000000191e+10 2.782976072401320167e+00
1.063000000000000000e+10 2.781755838251627644e+00
1.064000000000000000e+10 2.780548383619532160e+00
1.065000000000000000e+10 2.779353648965659396e+00
1.066000000000000000e+10 2.778171573898715607e+00
1.067000000000000000e+10 2.777002097177759588e+00
1.068000000000000000e+10 2.775845156716622242e+00
1.069000000000000000e+10 2.774700689587558777e+00
1.070000000000000191e+10 2.773568632025094516e+00
1.071000000000000000e+10 2.772448919430130054e+00
1.072000000000000000e+10 2.771341486372772778e+00
1.073000000000000000e+10 2.770246266599814433e+00
1.074000000000000000e+10 2.769163193034806625e+00
1.075000000000000000e+10 2.768092197785843922e+00
1.076000000000000000e+10 2.767033212147731902e+00
1.077000000000000000e+10 2.765986166608623620e+00
1.078000000000000000e+10 2.764950990852907964e+00
1.079000000000000000e+10 2.763927613767491742e+00
1.080000000000000000e+10 2.762915963446095802e+00
1.081000000000000000e+10 2.761915967193926846e+00
1.082000000000000000e+10 2.760927551533923108e+00
1.083000000000000000e+10 2.759950642210573513e+00
1.084000000000000000e+10 2.758985164196738893e+00
1.085000000000000000e+10 2.758031041698662200e+00
1.086000000000000000e+10 2.757088198160418280e+00
1.087000000000000191e+10 2.756156556272255642e+00
1.088000000000000000e+10 2.755236037973039842e+00
1.089000000000000000e+10 2.754326564458965620e+00
1.090000000000000000e+10 2.753428056188716333e+00
1.091000000000000000e+10 2.752540432888650024e+00
1.092000000000000000e+10 2.751663613561421862e+00
1.093000000000000000e+10 2.750797516488881378e+00
1.094000000000000000e+10 2.749942059242414416e+00
1.095000000000000191e+10 2.749097158686591769e+00
1.096000000000000000e+10 2.748262730987836022e+00
1.097000000000000000e+10 2.747438691620114781e+00
1.098000000000000000e+10 2.746624955372054977e+00
1.099000000000000000e+10 2.745821436355370793e+00
1.100000000000000000e+10 2.745028048009610977e+00
1.101000000000000000e+10 2.744244703111649031e+00
1.102000000000000000e+10 2.743471313783190979e+00
1.103000000000000000e+10 2.742707791495019087e+00
1.104000000000000000e+10 2.741954047080069401e+00
1.105000000000000000e+10 2.741209990736158009e+00
1.106000000000000000e+10 2.740475532037013995e+00
1.107000000000000000e+10 2.739750579939864483e+00
1.108000000000000000e+10 2.739035042791772678e+00
1.109000000000000000e+10 2.738328828340926169e+00
1.110000000000000000e+10 2.737631843741400228e+00
1.111000000000000000e+10 2.736943995566180732e+00
1.112000000000000191e+10 2.736265189811699639e+00
1.113000000000000000e+10 2.735595331908204475e+00
1.114000000000000000e+10 2.734934326729768106e+00
1.115000000000000000e+10 2.734282078600906996e+00
1.116000000000000000e+10 2.733638491308737262e+00
1.117000000000000000e+10 2.733003468109563183e+00
1.118000000000000000e+10 2.732376911739140546e+00
1.119000000000000000e+10 2.731758724423899221e+00
1.120000000000000191e+10 2.731148807887625818e+00
1.121000000000000000e+10 2.730547063363308435e+00
1.122000000000000000e+10 2.729953391603190394e+00
1.123000000000000000e+10 2.729367692886830898e+00
1.124000000000000000e+10 2.728789867033955208e+00
1.125000000000000000e+10 2.728219813412513073e+00
1.126000000000000000e+10 2.727657430950603423e+00
1.127000000000000000e+10 2.727102618145581747e+00
1.128000000000000000e+10 2.726555273077132302e+00
1.129000000000000000e+10 2.726015293415542384e+00
1.130000000000000000e+10 2.725482576433748694e+00
1.131000000000000000e+10 2.724957019018843685e+00
1.132000000000000000e+10 2.724438517683277272e+00
1.133000000000000000e+10 2.723926968574325702e+00
1.134000000000000000e+10 2.723422267488701198e+00
1.135000000000000000e+10 2.722924309881650462e+00
1.136000000000000000e+10 2.722432990879634307e+00
1.137000000000000191e+10 2.721948205293551748e+00
1.138000000000000000e+10 2.721469847627556060e+00
1.139000000000000000e+10 2.720997812094543722e+00
1.140000000000000000e+10 2.720531992626620710e+00
1.141000000000000000e+10 2.720072282887536996e+00
1.142000000000000000e+10 2.719618576286737532e+00
1.143000000000000000e+10 2.719170765989847194e+00
1.144000000000000000e+10 2.718728744933330166e+00
1.145000000000000191e+10 2.718292405837925418e+00
1.146000000000000000e+10 2.717861641219203594e+00
1.147000000000000000e+10 2.717436343403110133e+00
1.148000000000000000e+10 2.717016404539464691e+00
1.149000000000000000e+10 2.716601716612862649e+00
1.150000000000000000e+10 2.716192171460273475e+00
1.151000000000000000e+10 2.715787660782112756e+00
1.152000000000000000e+10 2.715388076155949459e+00
1.153000000000000000e+10 2.714993309054283710e+00
1.154000000000000000e+10 2.714603250853191430e+00
1.155000000000000000e+10 2.714217792852463784e+00
1.156000000000000000e+10 2.713836826286226245e+00
1.157000000000000000e+10 2.713460242338336048e+00
1.158000000000000000e+10 2.713087932158970705e+00
1.159000000000000000e+10 2.712719786878185158e+00
1.160000000000000000e+10 2.712355697621224859e+00
1.161000000000000000e+10 2.711995555523909029e+00
1.162000000000000191e+10 2.711639251748435786e+00
1.163000000000000000e+10 2.711286677497800834e+00
1.164000000000000000e+10 2.710937724033728013e+00
1.165000000000000000e+10 2.710592282689594956e+00
1.166000000000000000e+10 2.710250244889064408e+00
1.167000000000000000e+10 2.709911502161414187e+00
1.168000000000000000e+10 2.709575946157967596e+00
1.169000000000000000e+10 2.709243468666999721e+00
1.170000000000000191e+10 2.708913961633518053e+00
1.171000000000000000e+10 2.708587317172033604e+00
1.172000000000000000e+10 2.708263427587695116e+00
1.173000000000000000e+10 2.707942185390615375e+00
1.174000000000000000e+10 2.707623483313432278e+00
1.175000000000000000e+10 2.707307214330526346e+00
1.176000000000000000e+10 2.706993271673209467e+00
1.177000000000000000e+10 2.706681548848153707e+00
1.178000000000000000e+10 2.706371939656043946e+00
1.179000000000000000e+10 2.706064338209768660e+00
1.180000000000000000e+10 2.705758638949600670e+00
1.181000000000000000e+10 2.705454736666812021e+00
1.182000000000000000e+10 2.705152526517970113e+00
1.183000000000000000e+10 2.704851904043796385e+00
1.184000000000000000e+10 2.704552765189419450e+00
1.185000000000000000e+10 2.704255006323965649e+00
1.186000000000000000e+10 2.703958524257231044e+00
1.187000000000000191e+10 2.703663216261000368e+00
1.188000000000000000e+10 2.703368980088107332e+00
1.189000000000000000e+10 2.703075713990441553e+00
1.190000000000000000e+10 2.702783316741538489e+00
1.191000000000000000e+10 2.702491687653098662e+00
1.192000000000000000e+10 2.702200726598652292e+00
1.193000000000000000e+10 2.701910334031123906e+00
1.194000000000000000e+10 2.701620411005016376e+00
1.195000000000000191e+10 2.701330859194217116e+00
1.196000000000000000e+10 2.701041580916613061e+00
1.197000000000000000e+10 2.700752479151300012e+00
1.198000000000000000e+10 2.700463457562734870e+00
1.199000000000000000e+10 2.700174420520160989e+00
1.200000000000000000e+10 2.699885273119151829e+00
1.201000000000000000e+10 2.699595921203009841e+00
1.202000000000000000e+10 2.699306271385499389e+00
1.203000000000000191e+10 2.699016231071650562e+00
1.204000000000000000e+10 2.698725708481005459e+00
1.205000000000000000e+10 2.698434612667849120e+00
1.206000000000000000e+10 2.698142853545904440e+00
1.207000000000000000e+10 2.697850341909399763e+00
1.208000000000000000e+10 2.697556989455674792e+00
1.209000000000000000e+10 2.697262708809609943e+00
1.210000000000000000e+10 2.696967413545921399e+00
1.211000000000000000e+10 2.696671018210371695e+00
1.212000000000000191e+10 2.696373438346577611e+00
1.213000000000000000e+10 2.696074590516972957e+00
1.214000000000000000e+10 2.695774392328226465e+00
1.215000000000000000e+10 2.695472762454685256e+00
1.216000000000000000e+10 2.695169620661759691e+00
1.217000000000000000e+10 2.694864887830664468e+00
1.218000000000000000e+10 2.694558485983192586e+00
1.219000000000000000e+10 2.694250338306146464e+00
1.220000000000000191e+10 2.693940369175281457e+00
1.221000000000000000e+10 2.693628504182233652e+00
1.222000000000000000e+10 2.693314670157762603e+00
1.223000000000000000e+10 2.692998795197698580e+00
1.224000000000000000e+10 2.692680808687659688e+00
1.225000000000000000e+10 2.692360641331679627e+00
1.226000000000000000e+10 2.692038225174632426e+00
1.227000000000000000e+10 2.691713493628825393e+00
1.228000000000000191e+10 2.691386381502930636e+00
1.229000000000000000e+10 2.691056825023865340e+00
1.230000000000000000e+10 2.690724761867595571e+00
1.231000000000000000e+10 2.690390131184877465e+00
1.232000000000000000e+10 2.690052873625552454e+00
1.233000000000000000e+10 2.689712931367663540e+00
1.234000000000000000e+10 2.689370248146173648e+00
1.235000000000000000e+10 2.689024769278057558e+00
1.236000000000000000e+10 2.688676441690402097e+00
1.237000000000000191e+10 2.688325213949400716e+00
1.238000000000000000e+10 2.687971036287577054e+00
1.239000000000000000e+10 2.687613860630060802e+00
1.240000000000000000e+10 2.687253640628072038e+00
1.241000000000000000e+10 2.686890331682147970e+00
1.242000000000000000e+10 2.686523890974361617e+00
1.243000000000000000e+10 2.686154277494086084e+00
1.244000000000000000e+10 2.685781452071187569e+00
1.245000000000000191e+10 2.685405377402072080e+00
1.246000000000000000e+10 2.685026018080172161e+00
1.247000000000000000e+10 2.684643340626575725e+00
1.248000000000000000e+10 2.684257313518238153e+00
1.249000000000000000e+10 2.683867907219579241e+00
1.250000000000000000e+10 2.683475094211182022e+00
1.251000000000000000e+10 2.683078849022181078e+00
1.252000000000000000e+10 2.682679148258415136e+00
1.253000000000000191e+10 2.682275970636204487e+00
1.254000000000000000e+10 2.681869297011161724e+00
1.255000000000000000e+10 2.681459110409219360e+00
1.256000000000000000e+10 2.681045396059924091e+00
1.257000000000000000e+10 2.680628141427221944e+00
1.258000000000000000e+10 2.680207336239663451e+00
1.259000000000000000e+10 2.679782972524385354e+00
1.260000000000000000e+10 2.679355044639463390e+00
1.261000000000000000e+10 2.678923549303549922e+00
1.262000000000000191e+10 2.678488485631238536e+00
1.263000000000000000e+10 2.678049855165851145e+00
1.264000000000000000e+10 2.677607661910236470e+00
1.265000000000000000e+10 2.677161912360129126e+00
1.266000000000000000e+10 2.676712615539699858e+00
1.267000000000000000e+10 2.676259783035976003e+00
1.268000000000000000e+10 2.675803429025847446e+00
1.269000000000000000e+10 2.675343570317411324e+00
1.270000000000000191e+10 2.674880226381270543e+00
1.271000000000000000e+10 2.674413419384074952e+00
1.272000000000000000e+10 2.673943174223644359e+00
1.273000000000000000e+10 2.673469518565447789e+00
1.274000000000000000e+10 2.672992482874092079e+00
1.275000000000000000e+10 2.672512100451795103e+00
1.276000000000000000e+10 2.672028407471430445e+00
1.277000000000000000e+10 2.671541443013271344e+00
1.278000000000000191e+10 2.671051249100164338e+00
1.279000000000000000e+10 2.670557870734139971e+00
1.280000000000000000e+10 2.670061355931371505e+00
1.281000000000000000e+10 2.669561755759654265e+00
1.282000000000000000e+10 2.669059124374797864e+00
1.283000000000000000e+10 2.668553519056705792e+00
1.284000000000000000e+10 2.668045000246963117e+00
1.285000000000000000e+10 2.667533631585742082e+00
1.286000000000000000e+10 2.667019479949718441e+00
1.287000000000000191e+10 2.666502615487664318e+00
1.288000000000000000e+10 2.665983111660655158e+00
1.289000000000000000e+10 2.665461045280191232e+00
1.290000000000000000e+10 2.664936496544380251e+00
1.291000000000000000e+10 2.664409549076764083e+00
1.292000000000000000e+10 2.663880289966228165e+00
1.293000000000000000e+10 2.663348809805184292e+00
1.294000000000000000e+10 2.662815202728873398e+00
1.295000000000000191e+10 2.662279566452136148e+00
1.296000000000000000e+10 2.661742002314065214e+00
1.297000000000000000e+10 2.661202615312058040e+00
1.298000000000000000e+10 2.660661514146438922e+00
1.299000000000000000e+10 2.660118811254986060e+00
1.300000000000000000e+10 2.659574622860989113e+00
1.301000000000000000e+10 2.659029069006522139e+00
1.302000000000000000e+10 2.658482273597231771e+00
1.303000000000000191e+10 2.657934364441133734e+00
1.304000000000000000e+10 2.657385473291421274e+00
1.305000000000000000e+10 2.656835735887109085e+00
1.306000000000000000e+10 2.656285291994476605e+00
1.307000000000000000e+10 2.655734285449679266e+00
1.308000000000000000e+10 2.655182864199452819e+00
1.309000000000000000e+10 2.654631180344324992e+00
1.310000000000000000e+10 2.654079390181181886e+00
1.311000000000000000e+10 2.653527654244411949e+00
1.312000000000000191e+10 2.652976137353036723e+00
1.313000000000000000e+10 2.652425008646506210e+00
1.314000000000000000e+10 2.651874441635159396e+00
1.315000000000000000e+10 2.651324614242014821e+00
1.316000000000000000e+10 2.650775708841769163e+00
1.317000000000000000e+10 2.650227912310661349e+00
1.318000000000000000e+10 2.649681416068627282e+00
1.319000000000000000e+10 2.649136416123554660e+00
1.320000000000000191e+10 2.648593113116052944e+00
1.321000000000000000e+10 2.648051712364540844e+00
1.322000000000000000e+10 2.647512423907513845e+00
1.323000000000000000e+10 2.646975462555864578e+00
1.324000000000000000e+10 2.646441047930637058e+00
1.325000000000000000e+10 2.645909404514512619e+00
1.326000000000000000e+10 2.645380761693539196e+00
1.327000000000000000e+10 2.644855353806236931e+00
1.328000000000000191e+10 2.644333420189104000e+00
1.329000000000000000e+10 2.643815205225390930e+00
1.330000000000000000e+10 2.643300958385423893e+00
1.331000000000000000e+10 2.642790934282519988e+00
1.332000000000000000e+10 2.642285392713512149e+00
1.333000000000000000e+10 2.641784598709941978e+00
1.334000000000000000e+10 2.641288822587631646e+00
1.335000000000000000e+10 2.640798339986411225e+00
1.336000000000000000e+10 2.640313431926806675e+00
1.337000000000000191e+10 2.639834384857878913e+00
1.338000000000000000e+10 2.639361490701153112e+00
1.339000000000000000e+10 2.638895046901354124e+00
1.340000000000000000e+10 2.638435356480152816e+00
1.341000000000000000e+10 2.637982728078818173e+00
1.342000000000000000e+10 2.637537476012556059e+00
1.343000000000000000e+10 2.637099920318938917e+00
1.344000000000000000e+10 2.636670386806815980e+00
1.345000000000000191e+10 2.636249207108172232e+00
1.346000000000000000e+10 2.635836718730909300e+00
1.347000000000000000e+10 2.635433265102992362e+00
1.348000000000000000e+10 2.635039195630889619e+00
1.349000000000000000e+10 2.634654865747045438e+00
1.350000000000000000e+10 2.634280636961130018e+00
1.351000000000000000e+10 2.633916876913971361e+00
1.352000000000000000e+10 2.633563959428930179e+00
1.353000000000000191e+10 2.633222264560729275e+00
1.354000000000000000e+10 2.632892178654877124e+00
1.355000000000000000e+10 2.632574094392841513e+00
1.356000000000000000e+10 2.632268410850842510e+00
1.357000000000000000e+10 2.631975533551233593e+00
1.358000000000000000e+10 2.631695874512395950e+00
1.359000000000000000e+10 2.631429852308696749e+00
1.360000000000000000e+10 2.631177892120836415e+00
1.361000000000000000e+10 2.630940425788821369e+00
1.362000000000000191e+10 2.630717891869306602e+00
1.363000000000000000e+10 2.630510735689921553e+00
1.364000000000000000e+10 2.630319409401304043e+00
1.365000000000000000e+10 2.630144372034745714e+00
1.366000000000000000e+10 2.629986089558816964e+00
1.367000000000000000e+10 2.629845034931141079e+00
1.368000000000000000e+10 2.629721688156750226e+00
1.369000000000000000e+10 2.629616536345698030e+00
1.370000000000000191e+10 2.629530073764702713e+00
1.371000000000000000e+10 2.629462801899544289e+00
1.372000000000000000e+10 2.629415229506470553e+00
1.373000000000000000e+10 2.629387872673421889e+00
1.374000000000000000e+10 2.629381254876865803e+00
1.375000000000000000e+10 2.629395907035626756e+00
1.376000000000000000e+10 2.629432367573198981e+00
1.377000000000000000e+10 2.629491182475284461e+00
1.378000000000000191e+10 2.629572905344946143e+00
1.379000000000000000e+10 2.629678097463926001e+00
1.380000000000000000e+10 2.629807327852954124e+00
1.381000000000000000e+10 2.629961173325161994e+00
1.382000000000000000e+10 2.630140218551852094e+00
1.383000000000000000e+10 2.630345056118695179e+00
1.384000000000000000e+10 2.630576286587511081e+00
1.385000000000000000e+10 2.630834518551108392e+00
1.386000000000000000e+10 2.631120368703417700e+00
1.387000000000000191e+10 2.631434461889610166e+00
1.388000000000000000e+10 2.631777431174961546e+00
1.389000000000000000e+10 2.632149917900297620e+00
1.390000000000000000e+10 2.632552571748538295e+00
1.391000000000000000e+10 2.632986050800969924e+00
1.392000000000000000e+10 2.633451021605232700e+00
1.393000000000000000e+10 2.633948159229861030e+00
1.394000000000000000e+10 2.634478147335939990e+00
1.395000000000000191e+10 2.635041678230258366e+00
1.396000000000000000e+10 2.635639452935936600e+00
1.397000000000000000e+10 2.636272181251872126e+00
1.398000000000000000e+10 2.636940581815002460e+00
1.399000000000000000e+10 2.637645382168406272e+00
